ÉäÉAÉãÉ^ÉCÉÄÉOÉâÉtÇ≈ï`âÊÇ∑ÇÈÇ‡ÇÃÇëIë
0:Ç»Çµ, 1:ï]âøíl, 2:ç\ízñ@ÇÃämó¶, 3:îjâÛñ@ÇÃämó¶
debug_num = 10010000
10:  72  66  84  45  39  22  60  40  43  63  13  36  38   6  12  10  80  49   1  81  11  56  68  67   7  65  46,				
43:  99  35   5  44  95  16  94  14  20  64  29  86,				
 0:  89  97  53   2  83  58  91  77   4  47  57  51  32  79   9  55  85  61  23  71  30  88  25  24  26  62  34  17  69,				
31:  90  50  19  18   8  73  96  31   3  54   0  37  82  70  98  93  41  21  87  75  74  15  42  76  92  33  59  52  78  48  27  28,				
ï]âøíl:32883
time = 8497.6[ms]
cnt = 5000
10010000
43:  37  17  97   3   2  39  99  52  60  10  80  30  69  15  47  21  64  95  25   4  24  54  56  27  84  94  28  55  45  36  23  57  38   5  42  92  66  79  16  12  43  44  11  90  40  29  34  35  86  14  98  71  19  46  20  85  22,				
14:  33  96  77   9  76  18  87  32   7  81   6  58,				
10:  73  49  72   1  13  68  75  59  82  78  91  63  51  53,				
32:  31   8   0  83  50  41  62  74  65  89  61  67  93  70  88  26  48,				
ï]âøíl:33893
time = 10119.8[ms]
cnt = 5000
10010000
 0:  27  25  26  97  40  30   9  49  38  13  12  34  51  85  62  23  99  65   1  47  91  43  22  17  36  32  58  48  89  44   6  66  24   7  92  39  71  28  79  69  33  52  61   4  94   2  72  57  83  77   5  55  78  53  88,				
43:  84  64  37   3  10  95  90  16  19  60  11  86  20  29  45  80  54,				
31:  82  67  75  31  93   0  81  63  68  14  76  70  96  35  98   8  18  15  74  46  56  59  21  87  42  41  50  73,				
ï]âøíl:35726
time = 7657.71[ms]
cnt = 5000
10010000
13:  95  19  96  45  54   0  20  84  59  31  73  81  92  52,				
31:   8  29  16  35  93  75  21  80  37  82  70,				
32:  63  86  50  46  67   3  11  68  90  10  18  98,				
 0:  66  51  22  97  91  15   2  79  57  38  13  71  36  30  17  74  61   6  65  69  94  99  23  87  48   9   4  77  32  26  49  53  28  33  47   5  43  88  78  40  56  34  72   1  27  76  42  58  89  25   7  85  12  39  62  55  24  83  14  41  60  64  44,				
ï]âøíl:35241
time = 10905[ms]
cnt = 5000
10010000
31:  49  35  96  18   6  93  56   8  70  90  16  37  76  59  82,				
43:  92  86  52  28  21  94  19  98  23  60  80  45  95  14  57  20  54  84  64  15  29,				
32:  73  68   0  10  63  81  65  41  87  46  50  75  31  74  11  42  38  44  33  67  78   3,				
 0:  34  88  17   5  53  89  27  55  99   9   4  12  71  79  13  30  91  22  25  83  85   1  36  47  48  72  32  58  66  39  62  43  40  69  26  77  97  51  24  61   7   2,				
ï]âøíl:33873
time = 8340.77[ms]
cnt = 5000
10010000
43:   8  94  38  85  71   5  30  66  69  86  50  54  28  52  39  70  58  67  26  57  41  16  42  74  64  36  93  35  89  97  91  46  15  43  27   3  45  12  37  29  11  24  31  88  20   4  92  98  65  60  22   1  55  19  99  10  40  61  21  73  23  44  79   0  59  34  14  90  25  84   2  95  56  17  80  47,				
10:  78  51  75  63  72   9  49  83  76   7  53  32  96  82  81  68  77  13  87  33  62   6  48  18,				
ï]âøíl:37124
time = 8683.22[ms]
cnt = 5000
10010000
14:  28   9  18  94  96  57  58  75  48  34  64   8  97  62  67  88  98  85  76  83  14  73  30  35  87  15  71  42  27  66  19  93  90  29  86   7  46  47  81  21  52  84  38  25  23  56  77  45  55   6  17  43  33  32   4  69,				
43:  79  36  24  11  37  80   3  99  60   2  40  44  12   5  16,				
10:  95  91  54  49  10  53  61   1  26  41  59  65  68  82  50  22  13  20  51  92  72  78  31  39   0  70  89  63  74,				
ï]âøíl:34363
time = 10628.6[ms]
cnt = 5000
10010000
 0:  32   1  58  65   6  83  61  72   7  53  91  26  78  89  17  77  62  75,				
32:  19  92   3  70  18  57  35  74  48  50  63,				
14:  96  87   8  29   9  33  45  67  93  81  15,				
11:  73  41  13  82  55  49  37  38  31  30  88  80  34  76  68   0  59  51,				
43:  27  98  39  52  23  54  47  28  42  46  97  95  79  25  94  10  71   5  16  40  14  56  20  99  66  85  24  60  84  12  90  43  86  11   4  36   2  21  44  69  64  22,				
ï]âøíl:38102
time = 9940.02[ms]
cnt = 5000
10010000
43:  39  26  69  47  21  86  65  17  19  54  46  44  45  41   8  37  94  66  92  31  43  84  90  28  12  98  95  88  27  11  25  64  14  61  24   3  79  40  15  50  85  71   0  80  38  10  52   2  89  60  29  23   4  58  57  56  74  34  22  36  93  20  67  42  16   5  35  97  55  30  99  91  70,				
10:  13  33  96  77  78   9  76  18  87  62  48  32  72   7  82  53  81  83   6  75  49  68  63  51  59   1  73,				
ï]âøíl:35935
time = 9312.06[ms]
cnt = 5000
10010000
 0:  26  13  40  89   2  38  58  66  99   4  23  24  30  83  28  94  57  53  12  88  71  61  72  25  17  65  39  97  51   7  77  22   9  43  62  34  69  91  55   5  85,				
43:  16  95  60  90  19  29  54  20  10  80  84  64  98  21  35,				
38:  56  15  49  52   1  47  59  37  86  36  79  14  11  32   3  50  18  96  45  82  81  68  73  93  87  70   8  67  41  75  31   0  74  42  76  63  92  44  33  46   6  78  48  27,				
ï]âøíl:34914
time = 12384.9[ms]
cnt = 5000
10010000
25:  15  33  46  70  69  27  18  92   5  32  96  90  77  45  59  21  57  50  17  98  71  52  65  41  99  48,				
43:  86  29  10  19  16  23   4  94  44  43  97  20  24  80  54  95,				
10:  81  75  14  53  64  91   9  85  39  25  68  56  11  84  82  63  66  36  22   6  49  67  28  13  42  60  12,				
 0:   3  89  26  51  40  31   0  93  34  35  47  55  61   1  58   2  83  73  30  79  38  78  87  88  72  74   8  76  37   7  62,				
ï]âøíl:34875
time = 9076.05[ms]
cnt = 5000
10010000
43:  95  47   8  91  71  16  40  97  31  42  11  55  56  74  60  22  19   4  85  79  25  54   5  23  21  38  66   2  88  50  43  98   3  10  15  24  39  64  58  17  27  44  12  73  28  41  70  69  93  86  61  94  14  36  90  52  20  37  67  30  99   0  29  92  45  57  89  84  65  34  80  46  26  35,				
10:  78  62  13  76  33  72  81  32  75  49  68   9  18   7   6  59  96  53  48  82  63  77  83   1  87  51,				
ï]âøíl:36364
time = 9312.03[ms]
cnt = 5000
10010000
31:  82  35  37  30  21   5  80  29  96  93   8   6  49  87  15  47  75   3  19  50  41  54   0  18  56  31  74  42  76  90  92  44  33  70  59  52,				
 0:  38  91  36  71  85  62   2  88  25  94  69  22  77  34  72  28  89   7  40   9  65  58  39  79  13  17  57  97  83  32  99  48  61  27  51   1  26  55  43  78  23  53  66  24  12,				
43:  45  95  84  86   4  16  64  20  14,				
10:  81  11  67  68  60  10  98  73  46  63,				
ï]âøíl:34749
time = 9023.02[ms]
cnt = 5000
10010000
43:   8  10  90  50  12  85  38  26  22  52  60  28  35  37  80  14  31  19  95  16  42  43   0  34  23  57  45  64  98  56  46  21  17   4  25  47  86  66  20  84  97  15  88   2   3  29  69  54  79  62  58  71  44  87  30  32  93  33  27  61  96  24  74  94  55,				
10:  49   5  63  39  75  92  53  83  18   6  89  68  11  81  59  82  73  67  91  70  41  78  36  13   7  76  72  77  40   9  48   1  51  65  99,				
ï]âøíl:35169
time = 9031.14[ms]
cnt = 5000
10010000
10:  78  13  36   1  11  70  51  59  65  82  63  80  60  77   9  76  72   7  53  81   6  75  49  68  73  67,				
43:  92  54  20  30  16  10   3  37  95  39  44  19  69  64  71  94  46  85  97  23  38  45   2  56  15  47  25  79  66  27  21   5  17  24  29  52  55  57  88  12  40  43  42  22  86  90  34  28   4  35  14  84  98  99,				
31:  62  87  32  33  96  83  61  91  58  93  89  26   8  41  18  74  50  31   0  48,				
ï]âøíl:33589
time = 7655.73[ms]
cnt = 5000
10010000
43:  50  23  24  35   8  89  69  99  56  92  61  90  45  74  14  19  55  42  93  64  11  94  29  16  44  28   3  79  65  67   4  85  88  31  80  26  91   5  40  84  22  98  95  38  47  86  20  27  70  12   0  54  17  60  97  39  57  34  30  58  41  71   2  46  21  36  66  52  37  10  25  43  15,				
10:  13  33  96  77  78   9  76  18  87  62  48  32  72   7  82  53  81  83   6  75  49  68  63  51  59   1  73,				
ï]âøíl:35935
time = 11504.5[ms]
cnt = 5000
10010000
10:  13   1  68  76  65  51  63   8   9  91  73  49  61  78  31  70  89  82  53  41  26  50   0  74  72  30  37  34  46  83  59  40  47,				
43:  42  98  21  35  27  52  28  22  39  97  12  92  99  57   5  23   4   2  43  71  85  24  25  36  94  95  60  90  19  29  45   3  54  20  80  15  69  86  79  10  16  66  44  56  14  64  84  11,				
14:  33  77  87  32   7  81   6  75  62  38  55  18  58  96  48  67  88  93  17,				
ï]âøíl:30941
time = 8394.49[ms]
cnt = 5000
10010000
43:  16  29  10  19  90  95  86  85  54  21  20   2  43  34  47  35  98  45   3  11  64  46  14  78  31  70  82  41  49  50  73   0  74  15  42,				
 0:  91  25  62  83  39  88  71  12  61  72  77  69  28  13   7  30  23  24  55  32  99  53  76   9   4  40  79  63  66  57  44  89  48  36  65  51  26   6   5  17  58   1  27  92  94  97  52  22,				
31:  96  60  59  80  68  37   8,				
14:  84  18  38  93  33  81  87  67  56  75,				
ï]âøíl:37060
time = 9124.07[ms]
cnt = 5000
10010000
10:  22  77  59  10  45  12  51  88  72  81  13  11   7  20  75  80  67  49  68  76  65   6   9  82  73   1  53  63  78  91,				
43:  97  85  84  39  57  47  15  35  43  36  69  54  86  79   2  95  24  16  44  92  25  71  56  98  52  60  28   5  42  66  94  99  23  14   3  46  64  21  40  90  19  27,				
31:  62  34  87  30  32  93  33  61  96   4  74  83  29  58  26   8  89  41  18  50  31   0  48  38  17  55  70  37,				
ï]âøíl:33875
time = 9753.23[ms]
cnt = 5000
10010000
43:  56  80  94  10  24  84  11  39  31  35  29  92  36  54  69  74   0  99  47  52  44  42  20  46  28  25  40  16  14  37  21  88   4  97  71  17  57  55  64  66   2  95   5  90  79  23  22  30  60  45  85  34   3  27  43  12  98  50  15  19  86  26,				
14:  87   6  81  62   7  83  33  18  48  96  77  76   9  32  58  93  38,				
10:  78  61  68  82  70  89  53  49  67  51   8  41  65  73  91  59  63  13   1  72  75,				
ï]âøíl:30494
time = 11816.7[ms]
cnt = 5000
10010000
43:  90  99  11  10  16   5  27  64  94  69  24  97  95  25  52   2  84  43  54  60  45  28  29  12  42  14  22  92  57  35   4  19  98  20  23  80  44  21  15  86  79,				
 0:  65  32  13  91  53  58  72  83  77   1  61   9  55  34  30  89  17,				
32:  50  18   8  75  76  63  49  46   6   3  48,				
10:   0  47  73  66  82  78  41  93  96  33  59  31  81  40  68  74  71  85  56  38  51   7  36  62  26  88  67  70  87  37  39,				
ï]âøíl:33986
time = 10379.7[ms]
cnt = 5000
10010000
38:  41  96  70  50  59  48  26  37  63   3  74  82  52  28  49  18  45  87   1  15  47  98  76  65,				
43:  14  86  19  25  97  27  10  12  20  99  42  57   5  84  95  80  16  69  29  21  35  44  54  90  94  64   0  31  93  92,				
 0:   4  39   9  13  77  17  79  72  22  40  83  71   2  61  89  85  53  55  23  88  58  34  30  36  78  62  51  91  66  33  24  32,				
10:  56   8  43  75  68  67  81   6  73  46   7  38  60  11,				
ï]âøíl:28909
time = 11619.8[ms]
cnt = 5000
10010000
31:   8  21  87  30  93  15  27  96  55  29  89  76  34  90,				
32:  98  94  24  48  50,				
13:  52   4   1  19  26  57  61  62  31  32  47  54  74  99  92  41  70  59  23  17  35  71  97  37  53  69   9  78,				
43:  25   5   2,				
10:  82  20  80  14  11  67  12   6  81  84  66  42  75  10  77  39  88  85  36  73  45  13  72  28  51  91  49  38  60  22  43  63  56  40  64  46  65  68,				
15:   7   3  44   0  83  18  95  33  16  79  86  58,				
ï]âøíl:36482
time = 11254.6[ms]
cnt = 5000
10010000
13:  31  44   0  94  59  23  30  57  98  45  74  21  92  95  54  19  84   4  81  18  96  41  52  88  93  20   1  29  37   8,				
10:  68  10  22  73  63  60  82  80   6  64  67  12  49  46  42  14   7,				
32:  11  48  56  87  86  35  16  38  90   3  75  50  70,				
 0:   5  66  36  76  71  91  61  89  13  32  26  99   2  62  79  77  85  72  39  25  28  83   9  17  58  27  53  69  55  97  65  47  43  40  51  24  33  15  78  34,				
ï]âøíl:30891
time = 8648.59[ms]
cnt = 5000
10010000
 0:  47  94  71  89  78  38  17  12  39  91  99  79  61  62  77  27  97   4  85  66  83   6  32  40   9  57   1  13   2  25   5  55  30  23  88  28  48  34   7  52  53  43  65  58  51  22  26  69  72  36  24,				
43:  16  64  54  37  90  45  46  84  19  60  11  29  86  10  80   3  95  20,				
25:  96  18  82  81  68  59  73  98  14  93  41  21  87  70  35   8  67  56  75  50  31   0  74  15  42  76  63  92  49  44  33,				
ï]âøíl:36893
time = 7549.18[ms]
cnt = 5000
10010000
10:  42  65  22  85  60  73  64  51  12  18  82  31  92  10  35  75  59  53   7  48  49  13   1  88  28   9  63  76  78  84  72   0  38  41  89   8  80  77  20   5  91   6  25  14  39  43  98  95  52  40  81  36  47  67  46  11  16  66  70  90  56  45  99  68,				
43:  34  21   2  69  79  44  97  27  15  71  57  23  30  86  94,				
14:  61  37   4  26  17  87  32  33  83  93  74  24  29  55  50  62  58  96  54  19   3,				
ï]âøíl:35634
time = 10014.1[ms]
cnt = 5000
10010000
43:   2  86  27  92  28  40  29  90  67  12  16  52  19  11  39  36  34  43  88  41  55   8  25  10   4  97  54  98  57  42   3  17  94  50  22  45  47  23   0  30  79  20  31  15  74  46  21  71  99  84  14  24  66  38  69  60  64  85  44  37  95   5  80  35,				
10:  91  70  59  61  63  65  58  89  83   9  75  77  51  13  93  26   1  73  49  68,				
14:  62  32  82   7  76  78  96  87  53  56  48  18  72   6  81  33,				
ï]âøíl:35460
time = 7803.08[ms]
cnt = 5000
10010000
43:  80   4  15  64  29  92  19  16  90  44  86  14  84  54  60  35  42  28   2  56  22  10  11,				
 0:  88   9  61  91  30  12  89  71  13  32  99  34  72  58  57   1  36   7  83  38  66  47  23  26  65  40  25  51  55  39  79  53  77  97  69  85  24   5  43  62  17,				
25:  18  96  33  95  21  76   3  78  81  68  46  37  63  75  87  98  74  82   6  52  70  27  94  93   8  20   0  48  59  73  50  67  45  31  49  41,				
ï]âøíl:35610
time = 8345.43[ms]
cnt = 5000
10010000
10:  63  49  11  14  53  82  46  88   1  43  70  68  56   8  90   6   9  78  67  91  39  59  10  13  41  45  73  25  38,				
43:  60   0  16   4  15  29  27  55  97  52  99  28  98  85  79  69  36  35  64  80  23  92   3  54  12  86  84  57,				
 0:  71  47  44  30  51  33  22  48  34  42  76  40  83  26   7  66  32  58  24  94  77  74  72   2  62,				
31:  19  18  96  20  37  81  17  61  65  50  93  21  87  89  95  75  31   5,				
ï]âøíl:36878
time = 8495.34[ms]
cnt = 5000
10010000
43:  44  11  98  56  90  19  79  22  10  97   4  54  47  69  86  42  15  45  34   5  24  80  46  52  14  84  29  27  40  60  94  16  30  57  23  95  64  28   3  92  21  20  43   2  99  39  37  66  71  12  36  85  25  35,				
10:  73  51  59  63  72   1  78  77  82   7  53  75  49  76   6  81   9  13  68  38,				
25:  93  50  55  70  17  87  61   8  41  62  67  88   0  74  18  96  83  65  33  58  48  26  32  91  89  31,				
ï]âøíl:33558
time = 10757.3[ms]
cnt = 5000
10010000
43:  95  54  36  94  38  47  89  41  69  58  23  85  74  90  39  14  88  64  55   8  10  92  71  27  91  45  37  98   2  44  21  67  46  30  52  22  16  26  29  99  56   3  70  86  97  93  79  34  19  12  11  42  66  84  24  43   5  28   4  65  40  17  35  80  50  57   0  20  31  60  15  25,				
10:  13  33  96  77  78   9  76  18  87  62  48  32  72   7  82  53  81  83   6  75  49  68  63  51  59   1  73  61,				
ï]âøíl:36021
time = 9228.26[ms]
cnt = 5000
10010000
43:   2  44  20  52  27  64  19  16  14  84  22  90  43  95  57  69  12  39  28  23  54  79  25  45  60  80  86  97  42  35  36  21  24  94  92  29  15,				
 0:  62   9  58  61  72  77   5  53  32  66  10  26  40  78   7  59  47  73  33  48  17   1  91  71  41  56  46  34  99   6  88  93  55  85  51  74  68  82,				
32:  89   8  70  67  63  11  37  38  87  18  76  65  50   3,				
13:  98  13  49  30  75  96   4   0  83  81  31,				
ï]âøíl:34355
time = 10316.8[ms]
cnt = 5000
10010000
43:  44  52  11   5  95  42  19  79  36  90  21  54   4  71  84   2  94  16  24  98  99  56  80  85  14  60  12  10  22  20,				
25:  59  67  63  41  17  70,				
14:  29  86  76   8  81  93  38  35  55  28   7  58  23  25  18   6  87  62  48  64  43  96  32  47  69  88  75  66  33  77  57  34  46,				
 0:  53  39  13   1  89  61  72  91  26  65  51  78   0  40   3  15  37  27  50  73  83  49  30  68  31   9  97  45  92  82  74,				
ï]âøíl:36576
time = 9566.9[ms]
cnt = 5000
10010000
43:  60  16  24  19  69  35  98  28  99  27  11  86  54  14  84  20   4   5  80  21  42  94  12  95  90  25  23  92  10  97  79  57  64   2  44  52,				
31:   6  29,				
10:  36  68  13  49   1   7  72  82  63  81  73  65  59  15  41  53   9   3  89  77  91  75  43  76  22  40  71  70  66  61  85  56  50  30  45  74  83  48   0  39  26  37  31  96  78  51,				
14:  62  58  87  32  93  33   8  67  18  88  17  38  55  34  46  47,				
ï]âøíl:32315
time = 7456.56[ms]
cnt = 5000
10010000
43:  25  12  90  69  27  23  36  15   4  98  42  84  22  21  54  99  92  60  16  29  64  35  79  44  39  95  56  19  20  24  86  45  10   2  11  80  57  28   5  97  43  14  52  94,				
48:  96  76  18  62  48  53  81   6   1,				
 0:  26  91   9  83  13  58  32  65  77  89  61,				
32:  50   8  67  70  75  49  38  55  37  46,				
10:   0  68  17  71   7  30   3  51  63  88  41  85  31  40  93  33  72  87  74  82  47  34  66  59  73  78,				
ï]âøíl:38194
time = 8506.53[ms]
cnt = 5000
10010000
 0:   5  58  32  30  91  83  88  17  71  34  47  55  77  40  69   1  65  26  22   9  48  36  51  13  38  66  53  87  62   4  49  72  97   7  74  39  85  78  23  92   2  61  43  99  89  57  24  79   0  31  68  73  82  54  37  67  56,				
43:  16  86  94  29  20  14  25  28  35  80   3  95  44  19  64  21  10  11  27  42  60,				
25:  98  41  90  33  45  15  12  59  46  63  70  50  75  52,				
14:  93  81  84  18  96   8   6  76,				
ï]âøíl:33568
time = 7373.92[ms]
cnt = 5000
10010000
31:  18  55  29  68  11  59  82  67  70  93  35   8   6  89,				
38:  52  76  36  63  15   9  23  42  13  22  66  12  75  74   1  97  27  47  85  41  14  65  96  46  98  69  73  45  56  26  49  48  38  30  32   2  87  28  51  57  21  33  79,				
43:   0  94  54  24   5  92  71  43  44  10  64  19  50  90  60  16  86  84  80  37  20   3  31  95  99  88   4  25,				
 0:  17  78  61  39  83  91  77  72  62  81  53  40  34  58   7,				
ï]âøíl:35542
time = 9240.42[ms]
cnt = 5000
10010000
13:  97  39  81  24  59   2  95  31  57  30   9  66  49  98  44  13  52  19  63  83  54  92  18  84  88   1  96   4  45,				
 0:  77  32  25  36  17  79  43  40  23  72  55  61  91  58   5  71  93  64  12  41  85  22  34  47  28  51  62  37  74  21   0  69  33  27  26  20  87  14  99  16   8  29  70  15  78,				
32:  90  11  56  50  46  65  35  89  76   3  53  48  86  75  42  38  94   6,				
10:  10  73  68   7  80  67  60  82,				
ï]âøíl:34690
time = 7157.18[ms]
cnt = 5000
10010000
45:  84  60  64  69  73  74  79  80  81  56  90  92  93  95  99   3  26  87  30   4   7  10  11  13  15  16  18  19  21  29   0  34  35  36  39  40  42  44  47  48  49  51  53  55  31  54,				
25:  17  41  63  20  97  14  76  50   8  75  98  45  70  59  68  96  52  46  33  27  67  86,				
 0:  58   1  72  24  88  22  83  37   5  12  32  91  25  82   9  77  85  66   6  62  43  94  38  61  57   2  28  78  89  71  65  23,				
ï]âøíl:34479
time = 9621.65[ms]
cnt = 5000
10010000
 0:  58   7  36  24  30  85  23  40  66  12   2  79  43   4  83  65  91  25  89  72   6  13  17  26  61  97  53  51  34   1  57   9  88  32  71  77  74  47  78   5  39  62  82  93  81,				
32:  94  18  87  31  21  98  46   8  11  76  56  50  35   3  86  69  49  55  38  63  48  90  67  37,				
43:  64  29  99  95  60  19  20  84  28  54   0  10  14  22  80  16  42  27  44  73,				
25:  96  68  59  45  41  15  33  52  70  92  75,				
ï]âøíl:30086
time = 8288.11[ms]
cnt = 5000
10010000
43:  84  90   3  80  66   8  39  34  43  94  15  14  22  52  88  17  19   4   2  31  21  41  37  71  47  50  97  74  25  57  38  95  60  99  12  92  11  56  35  10  55  46  24  28  67  30  64  20  40  16  98  29  23  86  44  79  27  69  36  42  54  45   5   0  85,				
25:  13  33  96  77   9  76  18  87  48  32  83  75  68,				
10:  49  78  72  62  82   6  63  51  59   1  73  53  61  91  65  58  93  81  89  70  26   7,				
ï]âøíl:35344
time = 8169.65[ms]
cnt = 5000
10010000
43:  56  31  25  44  55  71  94  93  40  50  52  41  89  22  64  45  84  86  29  80  99  30  69  38  85  36  26  98  88  37  23  90  70  27  20  11  14  95  46  19  58   8  28  15  34  92  39  12  24   0  67   4   5  66  57  42  21  43   3  54   2  35  16  60  97  47  79  10  17  74,				
10:  77  13  76  73   9  72  63   7  78  87   6   1  91  81  68  61  59  62  48  96  33  65  49  53  32  51  18  82  75  83,				
ï]âøíl:35267
time = 9498.08[ms]
cnt = 5000
10010000
10:  80  92  18  88  90  95  53  99  20  49  73  36  14  45  42  10   9  67  64  25  60  48  11   7  56  41  72  68  82  12  78  65   8  77   5  98   6  75  28  91  38  70  13  39  63  40  16  35  51  84  81  85  66  43   1  31  59  76  22  46,				
43:  69  86  44  21  57  97  34  71  15  27   2  24   4  23  79  30,				
14:  33  96  87  62  32  74  37  94   3  26  55  19  17  83  61  29  58  50  93  54  47   0  89  52,				
ï]âøíl:34848
time = 8857.29[ms]
cnt = 5000
10010000
10:  39  12  91  84  45  80  73  22   1  77  82  13  51  63  59  14  88  75   9  72  60   7  36  65  64  43  56  46  85  28  42  53  40  68  78  81   8  67,				
43:  25  16   2  66  23  35  29  11  92  52  86  90  19  94  71   5  20  44  24  10  98   4  27,				
31:  37  30   6  21  76  15  97  34  87  49  93  96  55,				
25:  57  79  54  17  69  26  32  99  50  48  58  83  62  18  74  70  31  47  33  89   3  61  38   0  95  41,				
ï]âøíl:34212
time = 7360.13[ms]
cnt = 5000
10010000
43:  86  95   3  84  14   2  69  24  97  27  15  85  56  19  25  20  36  28  44   4  16  34  30  29  54  94  42  43  64  22  47  60  80  11  79  99  55  71  39  66  40  37  90  92  12  21  10  45  17  23  46  52  35  98  57   5,				
10:  13  77  78   9  76  72   7  82  53  81   6  75  49  68  63  51  59   1  62  87  32  33  96  83  73  61  91  65  58  93  89  70  26   8  67  41  18  74  50  31   0  48  88  38,				
ï]âøíl:34770
time = 8439.89[ms]
cnt = 5000
10010000
43:   0  90  12  47   2  31  39  97  84  86  15  28   8   3  89  46  43  29  70  60  52  79  74  42  94  50   5  69  14  19  25  24  26  55  45  99  64  34  54  88  56  95  71  44  20  85  37  16  22  38  11  41  10  23  30  17  36   4  92  66  57  35  67  98  80  40  27  93  21  58,				
10:  13  33  96  77  78   9  76  18  87  62  48  32  72   7  82  53  81  83   6  75  49  68  63  51  59   1  73  61  91  65,				
ï]âøíl:35267
time = 8042.6[ms]
cnt = 5000
10010000
31:  16   6  87  21  92  75  35  76  29   8  43  82  80  49,				
25:  33  48  63  41  96  90  15  12  98  50,				
 0:   2  71  61  77  97   5  58  25  13  40  89  53  30  32  34   9  57  17  72  36  83  24  79  23   1  66  47  62  91   7  26  55  88   4  69  99  51  39  65  22  38,				
10:  64  54  73  11   0  94  74  20  70  93  44  14  68  84  45  56  60  31  59  10  42  19  28  81   3  85  46  95  18  86  78  67  37  27  52,				
ï]âøíl:35007
time = 6504.34[ms]
cnt = 5000
10010000
43:  42  35  19  97  10  98  45  85  36  79  80  99  95  60  44  14  40  25  16  11  94  57  28  20   3  90  92  15  54  86,				
14:  23  27   4   9  66  58  62  71   7  47  43  77  55  69  56  21  18  52  84  48  17  75  81  64  96  93  29  33   8,				
10:  65  22  89  70  12  26  32  24  59  67  38  30  82  73   1  88   6  34  51  50  39  49   5  83  72  68   0  31  61   2  53  78  87  37  13  63  74  46  41  91  76,				
ï]âøíl:34860
time = 6188.42[ms]
cnt = 5000
10010000
43:   5  19  11  95  69  16  31  52  54  99  94  29  60  20  10  64  79  14  45  84   4  21  27  42,				
32:  18  90  76  86  56  75  55  98  38  68  46  63  48   3  50  37  70  81,				
 1:  73   0  74  67   6,				
31:  96  59   8  92  87  35  93  82  80,				
 0:  51  58  57  32  66  49   7  13  26   9  78  43  88  12   2  34  71  23  83  36  22  40  61  44  47  53   1  85  30  28  24  91  72  62  39  89  15  25  65  33  97  17  41  77,				
ï]âøíl:31924
time = 8216.27[ms]
cnt = 5000
10010000
 0:  62  13   4  79  72  55  22  91  99  56  17  47  26  77  32  36  28  92  74  58  15  34  89  24  97  38  53  42  69  49  12  61  30  63  83  65  85  43  51  23  48  71  44   2  40  52  94   9   5  33   7  66  27   1  39  88  57   6  75  78  76  25,				
43:   0  29  16  20  95  60  10  31  86  54   3  19  50  45  80  90  21,				
10:  96  18  84  68  37  11  81  64  59  82  73  67  46  70  98  14  93  41  87  35   8,				
ï]âøíl:37250
time = 7853.72[ms]
cnt = 5000
10010000
10:  54  10  65  35   5  28  70  67  82  31  38  18  72  56  12  60  90  49   7  92  42  89  80   6  39  51  25  78   1  13  63  83  40  91  66  76  77   9  48  68  33  96  87  62  32  53  81  37  75  55  59  17,				
43:  74  69  26  27  19  41   4  58  61  64  24  14   3   8  36  11  22  43  97  46  44  30  79  73  98  50  99  52  47  45  85  29  20  93   2  88  16   0  95  84  57  71  15  23  86  21  34  94,				
ï]âøíl:35971
time = 10302[ms]
cnt = 5000
10010000
13:  84  19  45  31  96   0  59  80  54  20  95   8  73  18  98,				
 0:  94  55  38  34  24  43  83   7  91  12  75  33  72  76  69  61  99   6  39  51  89  57  58  44  79  17   2  92  27  36   5   4  71  25  49  22   9  23  26  66  42  47   1  28  63  77  88  85  30  40  74  32  65  97  15  52  13  78  53  48  62,				
43:  16  56  10  46  87  90  60  67  14  64  50  93  68  82   3  70  21  35  86  29  81  11  37  41,				
ï]âøíl:37427
time = 8472.73[ms]
cnt = 5000
10010000
 1:  51  68  39  27  74  99  72   4  67  75  11  52  42  38  23   2  10   6  78  62  31  76   8  96  18  60  19   7  50  87   0,				
10:  73  82  59  81  63,				
43:  85  22  40  54  92  30  97  45  95  84  46  28  44  70  93  26  56  41  94  86  35  16  36  90  20  29  14  15  21  64   3  55   5  37  69  47  80  98,				
 0:  83  71  12  77  91  32  48  53  66  34  17  58  13  25   1  33  57   9  65  79  49  89  61  43  88  24,				
ï]âøíl:34361
time = 10141.3[ms]
cnt = 5000
10010000
32:  87  11   3  50  10  61   6  69  35  67  63  94  13  57  16  19  98  49  37  76   1  74  90  86  75  39  70  24  92  23  53  18  44  83  46  55  21  68  40  56  42   8  36  48  12  89  65  38,				
43:  66  20   0  27  28  85  80   2  14  79  29  25  47  84   4  97  22  54  71  95  99,				
 0:  43  41  31  88  82  93  15  72  17  91  73  30  78  34  81  64  62  77   5  96  51  26  58  52  60  33  45  32   7   9  59,				
ï]âøíl:37505
time = 9233.45[ms]
cnt = 5000
10010000
43:  84   0  71  36  80  30  94   8  55  34  70   5  85   2  28  45  41  93  15  60  54  46  43  79  21  92  22  95  12  52  25  10  67  17   4  19  24  90  40  31  38  50  16  86  88  57  99  47  39   3  11  44  35  20  29  97  98  27  42  26  23  14  89  64  66  37  69  56  74,				
10:  62  75  33   6  73  81  68   7  65  87  49  13  91  82  77  63   9  76  18  61   1  53  96  51  83  32  58  59  72  78  48,				
ï]âøíl:35619
time = 10563.5[ms]
cnt = 5000
10010000
43:  66   2   3  56  47  55  22  38  79  71  86  99  39  42  35  24  36  45  98  28  80  10  14  84  52  60  29  11  27  25   4  19  88  16  95  43  40  12  85  17  46  20  64  54  57  30  94  15  37   0  92  97  69  21   5  23  34  90  44,				
10:  13  77  78   9  76  48  72   7  82  53  81   6  75  49  68  63  51,				
25:  62  87  32  33  96  59   1  83  73  61  91  65  58  93  89  70  26   8  67  41  18  74  50  31,				
ï]âøíl:34733
time = 8925.08[ms]
cnt = 5000
10010000
 1:  73  19   4  72  99  43  62  27  60  66  67   8  54  11  74  42  38   6  18   0  10,				
25:  15  45  46  70  59  98  21  77  90  41  33  20   5  12  48  95  39  68  50  92  96  52,				
43:  25  71  55  22  56  64   3  47  36  79  86  94  26  69  44  35  31  14  85  16  40  29  24   2  97  30  28  88  84  17  23  80  34  37  57,				
 0:  83  93  75  61  87  82  65  91   1  32  89  63   9  53  78  81   7  58  51  49  13  76,				
ï]âøíl:35819
time = 10186.5[ms]
cnt = 5000
10010000
43:  44  74  99  80  20  34  65  61  35  31  45  22  26  17  54  16  98  64  66  85  24  10  30  92  69   2  91  41  28  43   0  93  90   8  14  36  58  89  42  95  86  38  21  60  29  39  79  25  88  57  40   5  67  97   4  55  70  50  11  73  71  19  47  23  37  56   3  27  12  15  94  46  52  84,				
10:  63  96  75  59  51  48  62  18  49  76  77  72   9   7  32  78   6  68  81  13  33  87   1  83  82  53,				
ï]âøíl:36364
time = 10310[ms]
cnt = 5000
10010000
32:   6  53  94  63  65  89  70  50  19  10  37  24   3   8  18  75  90  87  11  92  51   7  77,				
43:  28  21  86  64  69  57  84  35  25  95  44   4  39  54  79   2  23  42  60  43  71  98  99  56  97  29  27  36  16  85  80  52  22  14  45  20  12   5,				
13:   1  49  48  31  41  96  38  59  83  81   0  13  30   9  34  88,				
14:  17  66  47  74  72  40  82  46  76  78  61  91  58  62  73  32  68  67  33  93  26  15  55,				
ï]âøíl:32986
time = 11988.4[ms]
cnt = 5000
10010000
10:  63  77   7  13  38  88  35  85  10  28  76  75  14  66  72  36  59  65  20  64   8  40  25  81  84  73  43  70  98  82  49  80  12  56   9  39  91  42  67  53  51  11   1  22  60  45   6  78  68  46,				
35:   3  94  71  15  33  34  24  32  74  37  44  30  23  61   4  19  79  97,				
43:  27  26  86  69  62  96   2  57  93  58  55  17  87  29  50  54  47   0  89  18  52  95  31  83   5  16  90  48  21  92  41  99,				
ï]âøíl:34685
time = 11696[ms]
cnt = 5000
10010000
32:  87  18  56  53  38  42   8  76  90  86  11  23  70  92  35  94  44  16  46,				
38:  26  79  36  63  74  41  21  59  52  50  13  45  32  82  96  48  37  65   3  49,				
 0:  22  91  58  55  61  83   2   4  25  77   5  30  71  72  62  89  69  17  39   1   9  40  43  24  88  66  12  57  97  99  34,				
43:  14  31  60  10  67  85  93  28  19  75   6  84  80  33  98   7  54  68  20  81  51  95  27  29   0  15  47  73  78  64,				
ï]âøíl:35788
time = 12362[ms]
cnt = 5000
10010000
25:  65  92  70  41  99  17  12  63  96  56  15  90  68  18  67  45  20  35  14  75  76  95  50  59  46  98,				
43:  21  44  19  49  84  10  93  11  80  73  37  82  64  16  29  60  42   0  54  31   8  74   3  86  81  87  33   6,				
 0:  83  51  79  38   9  13  32  55  89  34  30  36  78  43  72   2  69  77  23  28  47  27  57  88   7  53  94  24  52  48  97   5  71  22  26   1  85  62   4  40  58  61  91  66  39  25,				
ï]âøíl:35714
time = 9295.47[ms]
cnt = 5000
10010000
14:   9  81  21  17  94  15   6  75  48  87   7  83  55   8  98  18  29  56  88  58  45  90  23  71  28  14  76  66  19  57  32  25  97  64  33  42  93  34  69  77  62  86  52   4  67  35  38  43  27  46  96  47  84,				
10:  78  13  36   1  11  70  51  59  65  82  63  80  53  60  40  49  12,				
43:  16   3  22  79  31   0  92  10  41  73  39  85  26  30  37  61  68   2  91  72  74  99  54  50  44  95   5  20  24  89,				
ï]âøíl:33366
time = 9279.03[ms]
cnt = 5000
10010000
43:  92   8   5  39  56  23  37  85  41  43  31   0  80  66  11  22  20  90  74  86  70  25  94  98  27  84  30  36  97  67  16  38  71  88  34  47  52   4  40  42  54  69  50  45  17  44  29  64  57  12  28  35  10  19   3  15   2  21  14  60  26  55  79  95  46  24  99,				
10:  96  58  68  63   9  93  78  33  91  76  49  13  87  18  72  81  48  65  62  73  32  51  82  77  61   6  53   1  59  83  89   7  75,				
ï]âøíl:35807
time = 6346.24[ms]
cnt = 5000
10010000
43:  86  92  12  21  15  35   5  22  85  23  98   2  36  20  28  24  42  25  43  84  56  95  57   4  14  54  94  10  60  90  11  27  39  44  19  16  79  69  45  99  52  80  97  29,				
 0:  62   7  72  32  13  77  53   9  83  34  50  76  65  17  64  67  37  93  33  30  46   6  40  47  78  74   3  48  55  66  71  61,				
11:  73  26  68  41  51  87  70  89  82  91  58,				
13:  59  49   8  18  81  63   1  75  96  31   0  88  38,				
ï]âøíl:34609
time = 10984.4[ms]
cnt = 5000
10010000
43:  40  56  35  41  42   2  17  66  92  69  99  24  23  64  37  95  29  47  86  97  46  26  70  71  79  20  27  11  60  34   5  67  98   4  25  14  31  90   8  84  43  22  15  54  85  55  94  10  57  28   3  16  50  74  30  44  21  89  36  45  39   0  12  88  80  19  38  52,				
10:  13  77  78   9  76  18  48  72   7  82  53  81   6  62  87  32  33  96  75  49  68  63  51  59   1  83  73  61  91  65  58  93,				
ï]âøíl:35828
time = 8148.96[ms]
cnt = 5000
10010000
43:   0   2   4   5   8  10  11  12  14  15  16  19  20  21  22  23  24  25  27  28  29  30  31  35  36  37  38  43  44  45  46  47  50  52  54  56  57  60  64  69  70  71  74  79  80  84  85  86  88  92  93  94  95  97  98  99  42  90   3  26  39  55  66,				
 0:   9  77  72  32  61  58  53  83  33  48  34  91  17  75  51,				
10:  13   6  63  68  78  49   7  67  82  73   1  40  59,				
48:  62  76  87  89  96  18  81  65  41,				
ï]âøíl:33737
time = 7697.02[ms]
cnt = 5000
10010000
10:  11  35   6  42  68  75  63  49  22  20  82  98  66   7  88  40  28  45  80  51  14  64  65  39  81  43  84   8  60  59  25  78  38  12  77  67  13  85  36  73  41  72   1  10  76  53  56  91   9  46  70  99,				
43:  69   2  97  57  71  44  30  23  86  21  79  15  27  24   4  37  94   3  29   5,				
14:  33  96  87  62  32  26  55  19  17  83  61  58  50  93  54  47   0  89  18  52  95  74  31  16  90  48  92  34,				
ï]âøíl:32743
time = 9987.93[ms]
cnt = 5000
10010000
10:  68  60  46  38  10  82  66  22  36  51  13  28  11  98   6  67  77  65   1  39  45  84  56   7  12  88  72  81  63  49  14  59  78  50  31   8  32  85  64  75  53  55  74  96   9  83  71  93  35  48  61  30  17  43  94,				
23:  62  52  73  57   3  18  87  29  23  86,				
43:  99  79  25  97   5  69   2  24  27   4  19  15  95  80  90  92  16  44  42  54  21  20,				
11:  41  40  33  58  91  47   0  34  37  26  89  76  70,				
ï]âøíl:36775
time = 7795.03[ms]
cnt = 5000
10010000
13:  97  38  95  31  48  19   9  49  45  88  83  87   1  84  98  39  94  18  92   4   2  21  52  57  13  44   8  41  20  71  30  59  27  66   0  79  24  81  63  34  75  96  23  54,				
10:  40  28  12  60  53  85  10  65  77  43  76   6  78  11  68   7  74  42  36  55  22  62  17  35  90  89  64  58  91  69  33  99  46  93  25  80  70  73  61  51   5  72,				
38:  32  16  26  56  86  14  67  29  82  50  37   3  47  15,				
ï]âøíl:35349
time = 6712.98[ms]
cnt = 5000
10010000
38:  98  50   9  14  74  49  13  32  56  70  82  18  45  76  37  21  29  65  59  28  15   3  75  48  26  73  63  96   8  87   1  41,				
43:  16  86  95  60  90  19  54  20  10  80  11  64  35  42  92  44  12  36  57  25  24   2  43  22  79  39   4  69  97   5  23  94  52  27  85  99  84,				
 0:  83  89  68  17  53  47  33  51  81  31   0  72  66  67  61  88  40  46  34  38  62  58  55  93  71  77  30   7   6  78  91,				
ï]âøíl:32891
time = 6648.15[ms]
cnt = 5000
10010000
43:  37  25  47  41  60  44  28  27  71   3  84  39  57   0  34  16  26  97   5  45  90  95  92  99  46  40  24  42  56  30  55  85  50  36  69  52  86  14  38  88  29  31  94  11  70  17  10  35  64   4  54  74  43  22   8  23  15  98  66  12  20  19   2  80  21  79,				
10:  62  75  18  77  68   1  96  89  91  58  73  78  87  13  72  63  59  83  65  33  48   9   7  51  93  61  53  32   6  81  76  82  49  67,				
ï]âøíl:35253
time = 7684.19[ms]
cnt = 5000
10010000
43:  29  79  21  22  14  45   2  84  20  54  52  19  97  16  12  35  69  24  80  60  27  36  94  28  44  42  86  57  23  64  98  39  99  95,				
 0:  72  13  58  43  55  77  25  91   9  65   5  32   4  53  26  89  62  88   1  83  34  61  40  30  17,				
10:  63  68  81  73  49  75  82  46  11  10   6,				
14:  59  15  50  66  37  31  85  71  56  67  96  76  90   0  78  93  87  41   3  51   7  92  47  18  38  48  33  74   8  70,				
ï]âøíl:34906
time = 9574.73[ms]
cnt = 5000
10010000
43:  56  84  52  86  60  36  19  16  43  92   5  24  40  90  25  54  69  15  45  97  35  57  14  29  47  44  98  94   3   4  21  39  64  99  85  12  10  80  11   2  79  71  66  28  95  23  42  46  27  22  20,				
10:  13  77  78   9  76  72   7  82  53  81   6  75  49  68  63  51  59   1  73  91,				
32:  62  87  32  33  61  96  83  65  58  93  89  70  26   8  67  41  18  74  50  31   0  48  88  38  17  55  30  37  34,				
ï]âøíl:34104
time = 7926.15[ms]
cnt = 5000
10010000
 0:  24  99  22  17  83  49  32  51   4  89  62  55   5  23  71   9   7  69  30  43  52  36  88  33  78  97  34  13   6  47  72  53  91  26  39  79  85  61  94  40   2   1  77  44  12  58  28  66  48  65  38  27  57  25,				
43:  19  54  45  11  37  95  80  60  16  29  86  10  90  20   3  64  84,				
31:  98   8  18  31  73  35  82  92  68  87  50  56  63  59  76  41  21  81   0  15  75  67  74  14  96  70  93  42  46,				
ï]âøíl:35290
time = 9658.14[ms]
cnt = 5000
10010000
43:  20  98  57  39  60  11  52  95  64  37  86  10  84  29  80  28  90  45  35  25  16  92  14   3  15  27,				
13:  18   8  96  59  54  81  41  97  19  83  49  31  30  42  88  44   0  50  73  63   1  46  74,				
31:  93  87  56  82  22  68  75  21  67  70  76,				
 0:  99   2  32  13  24   6  89  48   5  12  38  85  33   7  53  77  55  34  71  51  26   4  94  69  65  17  61  43  58  79  78  47  91  66  72  62  36   9  23  40,				
ï]âøíl:31903
time = 7655.77[ms]
cnt = 5000
10010000
13:  13  36  38  84  27   0  63  95  81  71  94  18  21  48  44  88  30  54  52   1  31  46   8  39  70  74  19   3  93  58  62  73  42   9  57  33  24  34  97  51  83  55  72  23   2  20  98  49  17   4  59  82  92  56  41  87  96  66  14,				
10:  75  25  35  91  67  64  60  45  68  53  26  50  76   7  43  40  78  89  61  65  85  12  32  28  10  77   6  47  11  22,				
43:  99   5  15  86  29  80  90  79  37  16  69,				
ï]âøíl:33999
time = 9204.79[ms]
cnt = 5000
10010000
43:  84  11  98  14  55  69  27  15  97  88  56  24  64  30   2   4  66  71  47  35  22  79  85  34  94  40  25  44  43  38  54  16  95  60  31  20   0  80  19  99  42  39  36   3   5  74  86  57  28  29  17  21  45  10  37  92  90  50  12  23  52  46,				
14:  76  32  81  48   9  83  72  87   7  62  75  96   6  18  77  33,				
10:   8  65  70  51  89  91  67  41  63  82  68  53  26  58  13  93   1  78  49  73  59  61,				
ï]âøíl:33030
time = 11819.6[ms]
cnt = 5000
10010000
10:  89  50   1  35  65  46  45  11  78  12  99  80  43  14  70  85  56  39  72  77   9  76  53  66  49  25  10   7  67  92  42  88  59  84   8  51  47  31  98  16  60  64  18  13  75   5  52  48  82  90   6  91  68  36  54  22  20  41  38  81  63  40   0  28  95  73,				
43:  57  34  97  71  69  44   2  23  79  15  30  86  21  93  27,				
14:  33  87  62  32  61  96  24   4  74  37  94   3  26  55  19  83  17  29  58,				
ï]âøíl:36446
time = 9145.16[ms]
cnt = 5000
10010000
 0:   4  48  22  43  83  79   1  66  55   9  38  34  78  30  97  36  77   5  28  62  51  89  61   7   6  53  88  91  32  26  13  58  72  23  17  85  40  47,				
43:  19  60  84  29  64  16  10  11  21   3  86  35  56  15  14   2  54  80  12  45  98  39  57  25  69  24  94  90  95  20  99  52  71  27,				
10:  96  18  87  82  81  75  68  59  73  65  93  70   8  67  41  74  50  31   0  42  76  63  92  49  44  33  37  46,				
ï]âøíl:34472
time = 7750.6[ms]
cnt = 5000
10010000
10:  39  75  10  22  60  53  78  81  36  65  88  73   7  14  64  28  85  98  82  12  43  40  66  63  84  76   6  13  67   8  35   1  51  25  77  42  38  20  72  11  49  91  45  80   9  68  46  56,				
 0:  57  61  24  23  97   2   4  34  30  71  79  27  69  58  94  32  62  55  89  47  83   5  26  17,				
48:  19  95  15  33  92  99   0  59  86  16  31  93  44  37  41  18  90  29  50  87  54   3  48  21  70  52  74  96,				
ï]âøíl:35866
time = 10175.6[ms]
cnt = 5000
10010000
43:  20  37  44  28  45  71  35  11  17  40  46  29  54  55  95  19  25  90  85  36  86  94  79  52  12  15  80  10  98  92  16  64  60  38  56  84  27  57  42   3   5  22  97  47,				
 0:  30   4  61  88  69  83   7  99  66   2  39  77  43  24  26  23  72  53  33  34  62   1   6  78  65  49  32   9  58  13  48  91  51,				
10:  18  73  96  68  59  81  82  14  93  21  89  87  70   8  67  41  75  74  50  31   0  76  63,				
ï]âøíl:36249
time = 10416.7[ms]
cnt = 5000
10010000
43:  84  88  47  99   5  55  97  30  25  98  43  37  16  80  22  34  42   3  24  20  57  66  60  94  15  17  46  10  95  52  27  38  11  92   2  35  85  45  36  12  23  28  21  71  64  54   4  44  90  19  86  56  79  29  69  39  40  14,				
10:  96   8  65  93  68  41   1  75  91  18   9  26  48  73  58  50  63  51  87  76  49   6  72  89  33  83  13  62  77  53  82   0  74  61  70  32  81  78   7  59  67  31,				
ï]âøíl:35275
time = 9136.38[ms]
cnt = 5000
10010000
43:  79  22  42  71  15  34  97  36  17  88  43  27  66  92   2  57  23  41  93  30  25  47  40  56  12  85  38  94  35  69  21  44  98  28  39  26   5  55  74   4  52  19  20  24  99  14  16  86  95  60  90  50   0   8  29  45  31   3  54  89  10  80  84  37  11  64  67  46  70,				
10:  13  33  96  77  78   9  76  18  87  62  48  32  72   7  82  53  81  83   6  75  49  68  63  51  59   1  73  61  91  65  58,				
ï]âøíl:35619
time = 11956.1[ms]
cnt = 5000
10010000
14:  93  23  35  52  55  62  34  87  32  17   4  96  76,				
32:  36  24  11  89  37  65  63   3  53  44  49  16  18  94,				
11:  19  90  47  26  33  41   5   0  58  92  54,				
10:  51  39  73  46  43  28  25  66  81  98  64  82  80  60  40   1  13  12   6  67  38  75  88  42  72   7  68  45  77  22  56  84  10,				
43:  70  69  99  20  50  27  79  78  61  14   8  97  74  83  31  95  15  48  21  29  71  86  59   2  57   9  30  85  91,				
ï]âøíl:34333
time = 5911.66[ms]
cnt = 5000
10010000
14:   4   6   7   8  17  18  19  28  33  38  47  52  56  58  62  64  67  75  76  77  81  84  85  86  87  88  93  96  98  25  45  32  55  46  71  34,				
43:  99  95  44  10  12  69  27  57  79  14  29  42  54  20  43  11  50  94   3  97   2  23  24,				
31:  92  82  59  16  21  68  35  30,				
10:  15  53  80  40   0  26  60  74  73  90  63  70  37   9  83  78  36  65  13  72  31   5  41  49  61  22  51  39   1  48  89  91  66,				
ï]âøíl:31053
time = 9427.54[ms]
cnt = 5000
10010000
43:  84  86  22  39  54  92  35   2  52  21  27   3  47  12  43  80  42  24  20   5  10  97  14  69  36  23  28  99  45  44  94  85  66  40  15  98  16  19  90  25  56  95  60  64  11   4  79  46  29  71  57,				
10:  13  77  78   9  76  72   7  82  53  81   6  75  49  68  63  51  59   1  73  67  65,				
14:  17  70  50  74  33  61  96  62   0  88  91  34  55  48  87  58  37  41   8  93  89  83  26  31  18  32  30  38,				
ï]âøíl:32075
time = 10773.7[ms]
cnt = 5000
10010000
43:  16  39   5  99  57  40  58  15   2  69  43  56  11  37  84  80   0  20  54   3  31  91  29  73   8  19  90  60  95  21  74  28  98  46  42  92  64  35  17  94  27  85  67  36  47  24  26  93  55  97  89  41  61  79   4  22  30  70  14  38  65  52  25  71  86  44  10  66  88  50  45  34  12  23,				
10:  63  62  83  33  77  72  32   6  76  48  96  75   7  51  78  87  82  68   9  18   1  59  53  13  49  81,				
ï]âøíl:36364
time = 11180.7[ms]
cnt = 5000
10010000
43:  10  11  16  69  99  35  29  25  98  21   5   3  64  92  15  97  60  27  19   2  47  80  94  28  66  40  79  22  45  44  57  43  71  90  85  84  42  52  86  24  56  20  95  54,				
14:  18  93  67  75  96  76  87   6,				
 0:  77  48  58  91   1  17  61   4  78  32   9  39  72  83   7  51  36  53  34  12  62  23,				
38:  13  31  89  59  65  63  82  41  81  49  68  50  70  26   0   8  74  73  88  38  55  33  30  37  46  14,				
ï]âøíl:35952
time = 7932.79[ms]
cnt = 5000
10010000
43:  22  52  14  84  29  20  21  86  40  56  79  85  17  24  54  35  98  45  42  28  71  99  43  12  23   2  57  50  15  64  60  27  10   3  11  94  25  16,				
32:  48  76  67  13   7   5  33  53  83  32  34  65  68  77  70  75   6  89  61  62  69  90  36  80  41  46  55  58,				
13:  82  92  95  47   4   9  51  91  72  38  26  78  63  37  19  39  74  93  87  96  59   1  81  31  30  73  18  49   0  66  97   8  44  88,				
ï]âøíl:35346
time = 8440.51[ms]
cnt = 5000
10010000
14:   7  47  62  77  46  88  43  64  84  55  33  58   8   6  93  28  81  87  38  67  25  17,				
13:  83  54  96  59  18  31  30,				
11:  16  68   0  80  11  70  41  51  76  73  37  34  19  21,				
 0:  72   2   9  89   1  40  71  23  61  22  53  57  13  79  32,				
43:  36  92  74  78  10  63  99  45  85  94  26  44  49  35  42  97   3  90  14  86  66  27  48  29  69  20  95  56  75  50  82  60   5  24  91  65  12  52  39  15  98   4,				
ï]âøíl:35841
time = 9835.37[ms]
cnt = 5000
10010000
13:   0   1   2   4   9  13  15  18  19  20  21  24  27  30  31  37  39  44  45  48  49  52  54  57  59  63  66  74  75  83  87  88  92  93  94  95  96  97  98  99   8  84  81  70   3  29,				
10:   6  68  40  60   7  43  67  73  12  10  82  64  22  14  80  46  51  42,				
48:  53  89  11  16  78  56  62  76  90  86  65  35  50  41  38,				
 0:  79  58  61  32  23  72  17   5  26  77  69  28  33  25  91  47  85  36  34  71  55,				
ï]âøíl:32512
time = 8327.8[ms]
cnt = 5000
10010000
43:  20  80   2  69   4  94  15  24  23  36  99  56  47  11  22  14  57  29  46  98  95  43  34   5  52  25  44  40  66  84  79  12  16  42  19  71  27  86  45  21  92  90  35  37  97  60   3  85  54  64  10  28  39,				
10:  49  59  73  51  13  75   7  76  78  72  63   6  77  82   1  81  68  53  67   8,				
 0:  93  74  18  48  88  83  17  61  30  38  41  31  26  50   0  70  87  65  32  91  33  55  89  62  96  58   9,				
ï]âøíl:34767
time = 9458.88[ms]
cnt = 5000
10010000
14:   4  90  96  25  43  28  77  69  56  75  81  34  23  93  32  33  55  17  29  58  62  18  47,				
32:   3  37  42  50  86  44  87  94  21,				
10:  82   1  91  76   8  68  98  20  36  63  85  65  78  14  22  53  88  39  35  84  49   9   7  45  67  73  10  13  80  66  46   6  38  64  11  40,				
43:  95  79  19  12  97  60  24  27  99,				
25:  26  52  70  92  15   2  72   0  71  54  74  16  61  83  57  48  89  30  31  51  41  59   5,				
ï]âøíl:35148
time = 7037.62[ms]
cnt = 5000
10010000
10:  59  56  20  11  13  39  73  75  48  36  81   9  88  53  92  51  41   6  68  42  78  22  80   7  12  25  66  91  45  40  98  46  43  60  77  63  85  49  72  28  65  82   1  35  67  90  38  70   8  76  10  14  84  64  99,				
 0:  61  79   4  30  97  57  33  69  62   2  15  44  24  58  23  32  74  34  27  71  83,				
43:  86  96  37  94   3  26  55  19  17  29  93  50  21  54  47  87   0  89  52  18  95  31   5  16,				
ï]âøíl:36196
time = 8360.83[ms]
cnt = 5000
10010000
 0:  88  23  32  83  53  61  22  39  26  24  72  58  71   2  40  43  66  65  91  97   9  34  57  77  30  13   1  55  17   7  12   4  25  79  62  36  69  51   5  99,				
32:  86  92  89  44  50   8   3  46  70  35  56  75  76  49   6  94,				
31:  15  80  16,				
13:   0  81  98  59  63  21  20  41  45  19  31  18  95  54  52  96  87,				
10:  14  27  60  11  84  74  37  85  78  73  29  28  10  90  82  64  93  42  33  38  68  48  47  67,				
ï]âøíl:34933
time = 11853.4[ms]
cnt = 5000
10010000
 0:  25  49  38  88  63  61  76  78  32   9   7  62  53   1  24  34  23  89  79  27  43  94  71  66   2  42  52  39  74  51  40  13  91  77  33  83   6  48  65  58  72,				
43:  12  47  57  29  84  35  60   4  85  64  30  46  14  80   5  69  99  92  19  36  28  10   3  55  15  17  44  11  16  97   0  90  22  86  95  50  45  31  54  20,				
31:  18  73  96  68  59  37  81  82  98  93  41  21  87  70  26   8  67  56  75,				
ï]âøíl:35534
time = 11319.6[ms]
cnt = 5000
10010000
43:  90   8  24  71  64  35   0  39  88  79   3  37  45  44  40  14  56  16  20  67  54  86  17  99  52  12  36  85  15  50  47  23  30  34  22  92   2  69  98  70  80  29  60  57  10   4  46  43  26  55  74  25  31  27  11  66  94  28   5  95  42  97  21  19  84  38  41,				
10:  13  33  96  77  78   9  76  18  87  62  48  32  72   7  82  53  81  83   6  75  49  68  63  51  59   1  73  61  91  65  58  93  89,				
ï]âøíl:35807
time = 8595.18[ms]
cnt = 5000
10010000
43:  52  27  25  69  10  15  11  14  38  60  35  98  30  90  39  44   3  23  56  86  99  57  71  80  29  45  54  37  66  79  97  43  92   5  47  17  85  55   2  64  40  31  22  34  42  20   0  19  16   4  12  50  36  28  88  21  95  84  24  46  94,				
10:  13  77  78   9  76  48  72   7  82  53  81   6  75  49  68  63,				
25:  62  87  32  33  96  51  59   1  83  73  61  91  65  58  93  89  70  26   8  67  41  18  74,				
ï]âøíl:34998
time = 10283.2[ms]
cnt = 5000
10010000
43:   2   4   5   6   8  10  11  12  14  15  16  19  20  21  22  23  24  25  27  28  29  31  35  36  37  38  39  42  43  44  45  47  50  52  54  55  56  57  59  60  64  69  70  80  81  82  84  85  86  88  90  92  93  94  95  97  98  99  67   3  79  46,				
45:  13  48  18  73  26  87  53  51  49  34  74   0,				
 0:  78  77   9  72  32  62  61  58  83   1   7  89  91  65  30  66  40  71,				
25:  33  96  76  75  41  63  68  17,				
ï]âøíl:34782
time = 6566.03[ms]
cnt = 5000
relation_ave:-27282.2
penalty_ave:0
ave_balance_ave:0
sum_balance_ave:0
group_num_ave:3.31
eval_ave:-34801.1
time_ave:9163.99[ms]
