ÉäÉAÉãÉ^ÉCÉÄÉOÉâÉtÇ≈ï`âÊÇ∑ÇÈÇ‡ÇÃÇëIë
0:Ç»Çµ, 1:ï]âøíl, 2:ç\ízñ@ÇÃämó¶, 3:îjâÛñ@ÇÃämó¶
debug_num = 01101001
 0:   4  59   1   6  96   3  36  93   0  60,				 1 1 1 0 1 1 0 1 1 1 1 1 10
 1:  13  64  16  26   2  46  80  99   7  57,				 1 1 1 0 1 1 1 1 0 1 1 1 10
 2:  35  25  37  83  34  73  12  18  19  21,				 1 1 1 0 1 1 0 1 1 1 1 1 10
 3:  39  54  88  91  63  98  68  66  41  56,				 1 0 1 0 2 1 1 1 1 1 0 1 10
 4:  42  58  14  94  71  79  51  81  45  52,				 2 1 1 0 1 1 0 1 1 1 0 1 10
 5:  55  50  77   9  27  95  23  28  32  62,				 2 0 1 0 2 1 0 0 1 1 1 1 10
 6:  67  89  17  43  82  11  53  15  69  31,				 2 1 1 1 1 1 0 0 1 1 0 1 10
 7:  75  84  30  86  85  20  92  24  65  47  72,				 2 1 1 0 2 1 1 1 1 1 0 0 11
 8:  76  10  38  48   8  44  78  49 100  61,				 1 1 1 0 2 1 0 1 1 1 0 1 10
 9:  90  97  87   5  70  40  29  22  33  74,				 2 0 1 0 1 1 0 1 1 2 0 1 10
ï]âøíl:144626
time = 11425.1[ms]
cnt = 5000
01101001
 0:   4   1  12   3  60  71  59  96  50  58,				 2 0 1 0 1 1 0 1 1 1 1 1 10
 1:  13  56  36  27  84   9  86  30  83  62,				 2 0 1 0 2 1 0 1 1 1 0 1 10
 2:  35  85  34  47  99  94  92  26  78  11,				 1 1 1 1 2 1 0 0 0 1 1 1 10
 3:  39  64  57  46  68   7  54  91  16   2,				 1 1 1 0 1 1 1 1 1 2 0 0 10
 4:  42  31  40  74  66  77  98  95  63  18,				 1 1 1 0 2 1 0 1 1 1 0 1 10
 5:  55  19  53  23  88  73  20  97  32  28,				 2 0 1 0 2 1 0 0 1 1 1 1 10
 6:  67  79  17   0  65  93  14  51  24  52,				 2 1 1 0 1 1 0 1 1 1 0 1 10
 7:  75  81  70   6  37  41  15  21  25 100,				 1 1 1 0 1 1 1 1 1 1 0 1 10
 8:  76  10  49  44   8  72  61  38  48  45,				 1 1 1 0 1 1 1 1 1 1 0 1 10
 9:  90  29  89   5  87  33  69  82  80  22  43,				 2 1 1 0 1 1 0 1 1 1 1 1 11
ï]âøíl:143699
time = 10686.1[ms]
cnt = 5000
01101001
 0:   4  54  56  33  88  96  28  36  40  97,				 2 0 1 0 1 1 0 1 1 1 1 1 10
 1:  13  51  17   0  66  74  63  30  98  93,				 1 1 1 0 2 1 0 1 1 1 0 1 10
 2:  35  19  12  87   2  83  71  59  34   3,				 1 1 1 0 2 1 0 0 1 1 1 1 10
 3:  39  15  85 100  72  84  49  25  31  62,				 2 1 1 0 2 1 1 0 1 1 0 0 10
 4:  42  29  82  11  86  24   1  22  69  60  47,				 2 1 1 1 1 1 0 1 1 1 0 1 11
 5:  55  64  95  23  45  57  53  50   5  58,				 2 1 1 0 1 1 0 1 0 1 1 1 10
 6:  67  80  26  89  16  46  18  43  73  20,				 1 1 1 0 1 1 0 1 1 1 1 1 10
 7:  75  99  94  91  92   7  14  48  65  52,				 1 1 1 0 1 1 1 1 1 1 0 1 10
 8:  76  10   8  32  79  61  44  38  68  78,				 2 0 1 0 2 1 0 1 1 1 0 1 10
 9:  90  81  27  37  41   9  21  70  77   6,				 1 0 1 0 1 1 1 1 1 2 0 1 10
ï]âøíl:143821
time = 9488.83[ms]
cnt = 5000
01101001
 0:   4  10  63  81  36  28  96   6  93  92,				 1 1 1 0 1 1 0 1 1 1 1 1 10
 1:  13  52  51  74  85  70  26  40  25   0,				 2 1 1 0 1 1 0 0 1 2 0 1 10
 2:  35  62  84  64  38  16  30   2  27   9,				 2 1 1 0 1 1 0 1 1 1 1 0 10
 3:  39  68  54  11  41  19  66  98  34  88,				 1 0 1 1 1 1 1 1 1 1 0 1 10
 4:  42  73  49  80  53  15  37  47  44 100,				 1 1 1 0 1 1 0 1 1 1 1 1 10
 5:  55  97  95  24  91  82  23  77  32  60,				 2 0 1 0 2 1 0 0 1 1 1 1 10
 6:  67  89  72  69  20  50  21  31  46  79,				 2 1 1 0 1 1 1 1 0 1 0 1 10
 7:  75  65  48  17  29  43  99  86  18  94   7,				 1 1 1 0 2 1 1 1 1 1 0 1 11
 8:  76  58   8  12  14  59  71  57  56  45,				 1 1 1 0 2 1 0 1 1 1 0 1 10
 9:  90   1  83  87  22  78   5  33  61   3,				 2 0 1 0 2 1 0 1 1 1 0 1 10
ï]âøíl:143139
time = 10545.7[ms]
cnt = 5000
01101001
 0:   4  31  66  93   6   2  74  63  98  50,				 1 1 1 0 1 1 0 1 1 1 1 1 10
 1:  13  65   0  53  82  43  15  17  58  37,				 2 1 1 0 1 1 0 1 1 1 0 1 10
 2:  35  85  19  84  34  47  33   5  73  94  25,				 2 0 1 0 1 1 0 1 1 2 1 1 11
 3:  39  95  23  91  38  64   7  69  24  52,				 1 1 1 0 1 1 1 1 1 1 0 1 10
 4:  42  97  89  60  99  22  40  96  26  11,				 2 0 1 1 1 1 0 1 1 1 0 1 10
 5:  55  54  88  46  56  62  68  36  29  18,				 1 1 1 0 2 1 0 1 0 1 1 1 10
 6:  67  70  77  27  41  81  28  21   9 100,				 2 1 1 0 1 1 1 0 1 1 0 1 10
 7:  75  16  80   1  48  57  14  92  59  20,				 1 1 1 0 2 1 0 1 1 1 1 0 10
 8:  76  10  49  61  44  45  72  30  51   8,				 1 1 1 0 2 1 1 0 1 1 0 1 10
 9:  90   3  32  87  71  12  83  78  79  86,				 2 0 1 0 2 1 0 1 1 1 0 1 10
ï]âøíl:143857
time = 10299.4[ms]
cnt = 5000
01101001
 0:   4   3  59  36  60  96  93   6   0   1,				 1 1 1 0 1 1 0 1 1 1 1 1 10
 1:  13  52  17  82  69  24  65  86  15  25,				 2 1 1 0 1 1 0 1 1 1 0 1 10
 2:  35  21  78  70  95  37  27  32  28  87,				 2 0 1 0 1 1 0 1 1 1 1 1 10
 3:  39  54  41  68  98  11  34  88  66  91,				 1 0 1 1 1 1 1 1 1 1 0 1 10
 4:  42  97  89  26  20  92  44  80  51  53,				 2 1 1 0 2 1 0 0 0 1 1 1 10
 5:  55   9  46  58  12  50  71  74  57  77,				 2 0 1 0 1 1 0 1 1 1 1 1 10
 6:  67   5  84  47  33  73  49 100  19  85,				 1 1 1 0 1 1 0 1 1 2 0 1 10
 7:  75   7  48  43  14  94  81  99   2  29  16,				 1 1 1 0 2 1 1 1 1 1 0 1 11
 8:  76  10  56  31  18  63  30  61  72  83,				 2 1 1 0 2 1 1 0 1 1 0 0 10
 9:  90  23  62  38  45  79  22  64   8  40,				 1 1 1 0 2 1 0 1 1 1 0 1 10
ï]âøíl:144436
time = 10650.2[ms]
cnt = 5000
01101001
 0:   4  10  45  60  38  88  29  81  17   9,				 2 1 1 0 1 1 0 1 0 1 1 1 10
 1:  13  16  99  64  26  61   7  80  98  69,				 1 1 1 0 1 1 1 0 1 1 1 1 10
 2:  35  77  68  21  34  19  41   6  37  71,				 1 0 1 0 1 1 1 1 1 1 1 1 10
 3:  39  62  78  25  49  44  70  85 100  28  11,				 2 1 1 1 1 1 0 0 1 2 0 1 11
 4:  42  47  86  12  24   2  82  83  65  30,				 2 1 1 0 1 1 0 1 1 1 0 1 10
 5:  55  36  43  18  95  73  15  46  89  31,				 1 1 1 0 1 1 0 1 1 1 1 1 10
 6:  67   3  27   0  32  96  50  59  79  51,				 1 1 1 0 2 1 0 1 1 1 0 1 10
 7:  75   1  20  14  92  48  72  91  84  52,				 1 1 1 0 2 1 1 1 1 1 0 0 10
 8:  76  58  56  66  63  57  54  53  94  93,				 2 0 1 0 2 1 0 1 1 1 0 1 10
 9:  90  97  23  74  33   5  22  87  40   8,				 2 0 1 0 2 1 0 1 1 1 0 1 10
ï]âøíl:143390
time = 10096[ms]
cnt = 5000
01101001
 0:   4   3  54  91  12  45   1  58  71   5  60,				 2 1 1 0 1 1 0 1 1 1 1 1 11
 1:  13  70  63  74   0  98  93  66  30  31,				 2 1 1 0 1 1 0 1 1 1 0 1 10
 2:  35  62  86  78  26  94  16  56  92  99,				 1 1 1 0 2 1 0 1 0 1 1 1 10
 3:  39  44  10  85  72  51  49 100  25  83,				 1 1 1 0 2 1 1 0 1 1 0 1 10
 4:  42  69  95  89  24  82  20  52  38  11,				 1 1 1 1 1 1 0 1 1 1 0 1 10
 5:  55  81   6  57  50  28  59  36  27  79,				 2 0 1 0 1 1 0 0 1 2 1 1 10
 6:  67  33  73  80  18  46  19  84  64  21,				 1 1 1 0 1 1 0 1 1 1 1 1 10
 7:  75  43   7  29  65  14   2  17  48  88,				 1 1 1 0 1 1 1 1 1 1 0 1 10
 8:  76  37  15  77  47  61  34   9  68  41,				 2 0 1 0 2 1 1 1 1 1 0 0 10
 9:  90  40  97  96  23  53  22   8  32  87,				 2 0 1 0 2 1 0 1 1 1 0 1 10
ï]âøíl:144639
time = 10912.9[ms]
cnt = 5000
01101001
 0:   4  10  85  73  45  84  49  33  51  44,				 1 1 1 0 2 1 0 0 1 1 1 1 10
 1:  13   3  32  19  83  18  27  60  30  86,				 2 1 1 0 1 1 0 1 1 1 0 1 10
 2:  35  74  70  78   5  25  98  41  71  11,				 1 0 1 1 1 1 1 1 1 1 1 0 10
 3:  39  68  62  56  36  94  66  72  54  63,				 1 0 1 0 2 1 1 1 1 1 0 1 10
 4:  42  65  58 100  29  87  37  40  88  97,				 2 1 1 0 1 1 0 1 1 1 0 1 10
 5:  55  28  69   6  81  50  21  46  77   9,				 2 1 1 0 1 1 0 1 0 1 1 1 10
 6:  67  64  17   0  24  57  59  82  80  96  53,				 2 1 1 0 1 1 0 1 1 1 1 1 11
 7:  75   7  34  14  91   8  48  12   2  43,				 1 1 1 0 1 1 1 1 1 1 0 1 10
 8:  76  93  89  95  79  38  23  15  52  31,				 2 0 1 0 2 1 0 1 1 1 0 1 10
 9:  90  61  22  26  16  92  20  47   1  99,				 1 1 1 0 2 1 0 0 1 2 0 1 10
ï]âøíl:143369
time = 9554.98[ms]
cnt = 5000
01101001
 0:   4  81  28  70  43  77  41  27  12   9,				 2 0 1 0 1 1 1 0 1 1 1 1 10
 1:  13  98  74  46  16  82  80   2  20  26,				 1 1 1 0 1 1 0 1 1 1 1 1 10
 2:  35   3  54  11  32  71  25  78  88  91,				 1 0 1 1 2 1 0 0 1 1 1 1 10
 3:  39  21  56  79  36  96  63  68   6 100,				 2 1 1 0 1 1 0 1 1 1 0 1 10
 4:  42  62  49  45  61  66   8  44  50  48,				 1 1 1 0 1 1 0 1 1 2 0 1 10
 5:  55   0  57  53  58  85   1  59  14  51  94,				 2 1 1 0 2 1 0 1 0 1 1 1 11
 6:  67  84  19  33  64   5  73  23  47  92,				 1 1 1 0 2 1 0 1 1 1 0 1 10
 7:  75  10   7  65  29  17  99  86  18  60,				 1 1 1 0 2 1 1 1 1 1 0 0 10
 8:  76  52  89  95  38  31  93  69  24  15,				 2 1 1 0 1 1 0 1 1 1 0 1 10
 9:  90  34  40  22  83  37  30  87  72  97,				 2 0 1 0 1 1 1 1 1 1 0 1 10
ï]âøíl:143672
time = 9918.34[ms]
cnt = 5000
01101001
 0:   4  28  21  81   6  37  70  69  15  25,				 2 1 1 0 1 1 0 1 0 1 1 1 10
 1:  13  74  26  97  80  16  46  40  99  45,				 1 1 1 0 1 1 0 1 1 1 1 1 10
 2:  35  87  62  78  49  85  61  94   5  33,				 2 0 1 0 1 1 0 1 1 1 1 1 10
 3:  39  68  98  54  88  11   7  91  66  56   2,				 1 1 1 1 1 1 1 1 1 1 0 1 11
 4:  42  44  10   9 100   8  38  58  32  71,				 2 1 1 0 1 1 0 1 1 1 0 1 10
 5:  55  50  77  31  57  95  36  63  89  93,				 1 0 1 0 2 1 0 0 1 2 1 1 10
 6:  67  84  18  72  73  43  19  23  64  53,				 1 1 1 0 2 1 1 0 1 1 0 1 10
 7:  75  17  29  92  48  52  79  20  14  65,				 2 1 1 0 2 1 0 1 1 1 0 0 10
 8:  76   1   0  59  22  96  27  60  51   3,				 1 1 1 0 2 1 0 1 1 1 0 1 10
 9:  90  47  83  82  12  86  30  41  34  24,				 2 0 1 0 1 1 1 1 1 1 0 1 10
ï]âøíl:143970
time = 10610.8[ms]
cnt = 5000
01101001
 0:   4  59  14  58  12  34  91  71  57  77,				 1 0 1 0 2 1 0 1 1 1 1 1 10
 1:  13  37  28  70  27  20  45  32  21   9,				 2 1 1 0 1 1 0 1 1 1 0 1 10
 2:  35  82  98  50  54  81   6  68  41   2,				 1 1 1 0 1 1 1 0 1 1 1 1 10
 3:  39  23  19  88  65  83  47   0  60  53,				 2 1 1 0 2 1 0 0 1 1 0 1 10
 4:  42  36  96  79  56  62  44  18  61   8,				 1 1 1 0 1 1 0 1 1 2 0 1 10
 5:  55  94  10  49  66  63  30  92  72  51  17,				 1 1 1 0 2 1 1 1 0 1 1 1 11
 6:  67   5  73  11 100   3  25  78  85   1,				 1 1 1 1 1 1 0 1 1 1 0 1 10
 7:  75  64  16  86  99  26  48  84  43   7,				 2 0 1 0 2 1 1 1 1 1 0 0 10
 8:  76  52  93  89  15  31  38  95  69  24,				 2 1 1 0 1 1 0 1 1 1 0 1 10
 9:  90  22  33  80  97  87  29  74  46  40,				 2 0 1 0 1 1 0 1 1 1 1 1 10
ï]âøíl:143527
time = 11161.1[ms]
cnt = 5000
01101001
 0:   4  58  57  32  45  12  71  14  70  29,				 1 1 1 0 1 1 0 1 1 1 1 1 10
 1:  13  16  26  20  46   2  80  93  74  98  63,				 1 1 1 0 2 1 0 1 1 1 1 1 11
 2:  35  85  59  73  44   0  49  79  47  83,				 1 1 1 0 2 1 0 0 1 1 1 1 10
 3:  39  43  65  31  94  18  86  19  99  53,				 2 1 1 0 1 1 0 1 1 1 0 1 10
 4:  42  52  89  38  69  24  95  15  82  17,				 1 1 1 0 1 1 0 1 1 2 0 1 10
 5:  55  81  21   6  37  27  60  28  77  36,				 2 0 1 0 1 1 0 1 1 1 1 1 10
 6:  67  62  64  50  25  61  78   5  72  84,				 1 0 1 0 2 1 1 1 1 1 0 1 10
 7:  75  68  34  91 100   7  54  88  87  97,				 2 1 1 0 1 1 1 0 1 1 0 1 10
 8:  76  92  96  33  30  40   8  56  10  51,				 2 1 1 0 2 1 0 1 1 1 0 0 10
 9:  90   1  66  22  41   9   3  11  48  23,				 2 0 1 1 1 1 1 1 0 1 0 1 10
ï]âøíl:143775
time = 10810.7[ms]
cnt = 5000
01101001
 0:   4  91  53  32  57  58  14  54  12  71  45,				 2 1 1 0 1 1 0 1 1 1 1 1 11
 1:  13  52  20  89  16  26  82  80  46  69,				 1 1 1 0 1 1 0 1 1 1 1 1 10
 2:  35  21  15  34  70  93  37  95  87  78,				 1 0 1 0 2 1 0 1 1 1 1 1 10
 3:  39  98  63  74  50   2  66   6  31  25,				 2 1 1 0 1 1 0 1 1 1 0 1 10
 4:  42  62  56  29  88   8 100  38  40  68,				 1 1 1 0 2 1 0 1 1 1 0 1 10
 5:  55  79  43  81  99   7  27  36  94  28,				 2 0 1 0 1 1 1 0 1 1 1 1 10
 6:  67  84   5  33  73  19  23  47  64  18,				 1 1 1 0 2 1 0 1 1 1 0 1 10
 7:  75  24  77  17   0  65  97  59  96  60,				 2 1 1 0 2 1 0 1 1 1 0 0 10
 8:  76  49  85  30  92  10  51  72  44  61,				 1 1 1 0 1 1 1 0 1 2 0 1 10
 9:  90   3  22  83   1   9  11  41  86  48,				 2 0 1 1 1 1 1 1 0 1 0 1 10
ï]âøíl:144350
time = 9932.21[ms]
cnt = 5000
01101001
 0:   4  93  31  95  38  89  69  15  52  70,				 1 1 1 0 1 1 0 1 1 1 1 1 10
 1:  13   0  97  32  17  51  80  53  82  24,				 2 1 1 0 1 1 0 0 1 1 1 1 10
 2:  35  62  19  14   2  87  83  33  59  34,				 2 1 1 0 2 1 0 1 0 1 1 0 10
 3:  39  68  91  54 100  98  41  88  63  56,				 1 1 1 0 2 1 1 0 1 1 0 1 10
 4:  42  45  11  66  10  29  61  44   1  60,				 1 1 1 1 1 1 0 1 1 1 0 1 10
 5:  55  77  27  37   6  36  21  28  81   9,				 2 0 1 0 1 1 0 1 1 1 1 1 10
 6:  67  16  18  73  43  99   7  46  79  65,				 1 1 1 0 1 1 1 1 1 1 0 1 10
 7:  75  92  49  47  94  85  20  72  84  30  86,				 1 1 1 0 2 1 1 1 1 1 0 1 11
 8:  76  57   8  40  22  96  64  58  23  26,				 2 0 1 0 2 1 0 1 1 1 0 1 10
 9:  90  78  48   3   5  12  50  71  25  74,				 2 0 1 0 1 1 0 1 1 2 0 1 10
ï]âøíl:143418
time = 10659.2[ms]
cnt = 5000
01101001
 0:   4  16  29   1  57  45  60  14  20  22,				 1 1 1 0 2 1 0 1 0 1 1 1 10
 1:  13  62  84  30  40  92  17  51  64  86,				 1 1 1 0 2 1 0 1 1 1 0 1 10
 2:  35  98  74  50  12  53   2  93  63  31,				 2 1 1 0 1 1 0 0 1 1 1 1 10
 3:  39 100   6  15  21  85  38  72  68  49,				 1 1 1 0 1 1 1 1 1 1 0 1 10
 4:  42  52  89  24  78  95  82  11  66  69  25,				 2 1 1 1 1 1 0 1 1 1 0 1 11
 5:  55  19   8  44  18  10  79  32  23  73,				 1 1 1 0 2 1 0 0 1 1 1 1 10
 6:  67  70  81  41  77  43   9  28  27  37,				 2 0 1 0 1 1 1 1 1 1 0 1 10
 7:  75  97   7  54  87  91  46  88  33  65,				 2 0 1 0 1 1 1 1 1 1 0 1 10
 8:  76   3  56  48  83  36   0  59  96  61,				 1 1 1 0 2 1 0 1 1 2 0 0 10
 9:  90  47  34  26  71  94  80   5  58  99,				 2 0 1 0 1 1 0 1 1 1 1 1 10
ï]âøíl:143525
time = 10674.3[ms]
cnt = 5000
01101001
 0:   4  98  74  31  63  66  93   6  50  36,				 1 0 1 0 1 1 0 1 1 2 1 1 10
 1:  13  21  81   9  77  27  37  28  41  70,				 2 0 1 0 1 1 1 1 1 1 0 1 10
 2:  35  47  34  83  12  71  19   2  59  53,				 1 1 1 0 2 1 0 0 1 1 1 1 10
 3:  39  79  32   0  51  85  44  62  30  46,				 2 1 1 0 1 1 0 1 1 1 0 1 10
 4:  42  65  94  99  18  86   7  60  26  97,				 2 1 1 0 1 1 1 1 0 1 0 1 10
 5:  55  24  52  69  82  17  95  38  15  89,				 1 1 1 0 1 1 0 1 1 1 1 1 10
 6:  67  49  78 100  25  73  11  91   5   3,				 1 1 1 1 1 1 0 1 1 1 0 1 10
 7:  75   1  20  92  48  14  72  84  16  43  80,				 1 1 1 0 2 1 1 1 1 1 1 0 11
 8:  76  68  10  56  45  61  54  88  29  33,				 2 1 1 0 2 1 0 0 1 1 0 1 10
 9:  90   8  58  57  64  22  40  87  23  96,				 2 0 1 0 2 1 0 1 1 1 0 1 10
ï]âøíl:143341
time = 9996.68[ms]
cnt = 5000
01101001
 0:   4   3  59   0   6  36   1  60  96  93,				 1 1 1 0 1 1 0 1 1 1 1 1 10
 1:  13  10  17  29  80  32  69  38   9  28  82,				 2 1 1 0 1 1 0 1 1 1 1 1 11
 2:  35  89  78  86  20  27  92  21  26  85,				 1 1 1 0 2 1 0 1 1 1 1 0 10
 3:  39  98  41  54  88  68  56   2  46  16,				 1 1 1 0 1 1 1 1 1 1 0 1 10
 4:  42  62  63  74  66  94  30  72  51  31,				 2 0 1 0 2 1 1 1 0 1 0 1 10
 5:  55   7  50  79  12  99  61  18  43  65,				 1 1 1 0 1 1 1 0 1 1 1 1 10
 6:  67  73   5  19  49  25 100  15  47   8,				 1 1 1 0 2 1 0 1 1 1 0 1 10
 7:  75  52  84  23  95  91  64  11  48  24,				 2 0 1 1 2 1 0 0 1 1 0 1 10
 8:  76  81  45  14  57  44  77  58  53  71,				 2 1 1 0 1 1 0 1 1 1 0 1 10
 9:  90  97  33  70  87  83  40  37  22  34,				 2 0 1 0 1 1 0 1 1 2 0 1 10
ï]âøíl:144142
time = 10717.4[ms]
cnt = 5000
01101001
 0:   4  53  14  57  17  59  71  12  58  45   1,				 2 1 1 0 1 1 0 1 1 1 1 1 11
 1:  13   3  93   0  86  65  83  19  30  51,				 1 1 1 0 2 1 0 1 1 1 0 1 10
 2:  35  49  85  25  11  37  54  62  78  44,				 1 0 1 1 2 1 0 1 0 1 1 1 10
 3:  39  74  88  41  31   2  91  63  98  66,				 1 1 1 0 1 1 1 1 1 1 0 1 10
 4:  42  99  61  26  47  69  94   7  70  81,				 1 1 1 0 1 1 1 0 1 2 0 1 10
 5:  55  77  50  89  95  24  52  60  27  38,				 2 0 1 0 1 1 0 1 1 1 1 1 10
 6:  67  84  64  16  73   9  18  46  43  80,				 1 1 1 0 1 1 0 1 1 1 1 1 10
 7:  75  72  21  36  15 100  68   6  79  34,				 2 1 1 0 1 1 1 0 1 1 0 1 10
 8:  76  48  40  96   8  23  92  56  28  10,				 2 1 1 0 2 1 0 1 1 1 0 0 10
 9:  90   5  29  32  87  82  22  33  97  20,				 2 0 1 0 2 1 0 1 1 1 0 1 10
ï]âøíl:144031
time = 10213.9[ms]
cnt = 5000
01101001
 0:   4  47  72  30  85  84  92  88  27  74  20,				 1 1 1 0 2 1 1 0 1 1 1 1 11
 1:  13  89  68  98  16  46  26   7   2  99,				 2 1 1 0 1 1 1 1 0 1 0 1 10
 2:  35  43  65  18  12  73  53  83  86  19,				 1 1 1 0 1 1 0 1 1 1 1 1 10
 3:  39  94   0  66  51  49  62  17  63  31,				 1 1 1 0 2 1 0 1 1 1 0 1 10
 4:  42  32  60  69  29  10  82  80  44  24,				 2 1 1 0 1 1 0 0 1 1 1 1 10
 5:  55  21  37  15  87  41  95  61  70  34,				 1 0 1 0 1 1 1 1 1 1 1 1 10
 6:  67  58  77  45  71  81  57  59  50  14,				 1 1 1 0 2 1 0 1 1 1 0 1 10
 7:  75   3   1  91  25  11   5 100  78  48,				 2 1 1 1 1 1 0 1 1 1 0 0 10
 8:  76  40  52  38   8  23  22  64   9  28,				 2 0 1 0 2 1 0 1 1 1 0 1 10
 9:  90  56  93  96  33  54  36   6  79  97,				 2 0 1 0 1 1 0 1 1 2 0 1 10
ï]âøíl:143355
time = 9953.95[ms]
cnt = 5000
01101001
 0:   4   3  59   1  60   6   0  96  93  36,				 1 1 1 0 1 1 0 1 1 1 1 1 10
 1:  13  20  89  16  68  46  80  82  69  52,				 1 1 1 0 1 1 0 1 1 1 1 1 10
 2:  35  43  99  65  91  26   7  94  86  53,				 2 0 1 0 1 1 1 1 0 1 1 1 10
 3:  39  32  85  79  51  44  28  78  62 100,				 2 1 1 0 2 1 0 0 1 1 0 1 10
 4:  42  83  47  88  92  40  48  37  29  34,				 1 1 1 0 2 1 0 1 1 1 0 1 10
 5:  55  81  50  71  77  54   9  58  14  57  12,				 2 0 1 0 2 1 0 1 1 1 1 1 11
 6:  67  23  73  19  64  25  84  72  18  10,				 1 1 1 0 2 1 1 0 1 1 0 1 10
 7:  75  63  17  41  66  74  30  11   2  98,				 1 1 1 1 1 1 1 1 1 1 0 0 10
 8:  76  15  56  38  95  24  31  61  45  21,				 2 1 1 0 1 1 0 1 1 1 0 1 10
 9:  90  49  87   8  33  70   5  27  22  97,				 2 0 1 0 1 1 0 1 1 2 0 1 10
ï]âøíl:143395
time = 10692[ms]
cnt = 5000
01101001
 0:   4  98  74  91  31  63  93   2  66  88,				 1 1 1 0 1 1 0 1 1 1 1 1 10
 1:  13  10  65  17  53  59  96  82   0  51,				 1 1 1 0 2 1 0 1 1 1 0 1 10
 2:  35  25  62  49  44  78  37  85  11  61,				 1 0 1 1 1 1 0 1 1 1 1 1 10
 3:  39  21  34  36  79  72  68   6  15  45,				 2 1 1 0 1 1 1 0 1 1 0 1 10
 4:  42  64  26  99  80   7  94  29  18  43,				 1 1 1 0 2 1 1 0 0 1 1 1 10
 5:  55  50  57  81  58  77  54  46  71  60  12,				 2 0 1 0 2 1 0 1 1 1 1 1 11
 6:  67   5  87  19  33  32   8  97  73 100,				 2 1 1 0 1 1 0 1 1 1 0 1 10
 7:  75  14  84   1  48  22  16  20  92  47,				 1 1 1 0 2 1 0 1 1 1 0 1 10
 8:  76  52  89  24  38  69  95  23  40  28,				 2 1 1 0 1 1 0 1 1 1 0 1 10
 9:  90   3  56   9  86  83  30  41  27  70,				 2 0 1 0 1 1 1 1 1 2 0 0 10
ï]âøíl:144058
time = 10208[ms]
cnt = 5000
01101001
 0:   4  57  77  81  58  14  45  71   6  50,				 1 1 1 0 1 1 0 1 1 1 1 1 10
 1:  13  70  37  27  21  51   9   7  32  28,				 2 0 1 0 1 1 1 1 1 1 0 1 10
 2:  35  59  17  86   0  94  11  62  53  65,				 1 1 1 1 1 1 0 1 0 1 1 1 10
 3:  39  68  98  54  41  66  63  91  88  34,				 1 0 1 0 2 1 1 1 1 1 0 1 10
 4:  42  83   5  40  87  49 100  78   3  48,				 2 1 1 0 2 1 0 1 1 1 0 0 10
 5:  55  74   2  47  85  29  30  46  12  82,				 1 1 1 0 1 1 0 1 1 1 1 1 10
 6:  67  18  84  72  19  23  64  73  25  10,				 1 1 1 0 2 1 1 0 1 1 0 1 10
 7:  75  26  92  80   1  16  97  22  99  20  60,				 2 1 1 0 2 1 0 0 1 1 1 1 11
 8:  76  44  79  61  36   8  33  96  56  43,				 2 0 1 0 1 1 0 1 1 2 0 1 10
 9:  90  93  95  69  31  24  15  52  89  38,				 2 1 1 0 1 1 0 1 1 1 0 1 10
ï]âøíl:144876
time = 10497.3[ms]
cnt = 5000
01101001
 0:   4  91  94  57  58  93  63  49   5 100,				 1 1 1 0 1 1 0 1 1 1 1 1 10
 1:  13  52  89  17  24  15  82  38  80  69  28,				 2 1 1 0 1 1 0 1 1 1 1 1 11
 2:  35  81  16  78  44   2  11  53  26  43,				 2 1 1 1 1 1 0 0 0 1 1 1 10
 3:  39  19  34  68  66  41  88  54  62  33,				 2 0 1 0 1 1 1 1 1 1 0 1 10
 4:  42  96  40  87  29  74  77  60  97  22,				 2 0 1 0 2 1 0 1 1 1 0 1 10
 5:  55  10  65  31  99  46  18  73  50  95,				 1 1 1 0 1 1 0 1 1 1 1 1 10
 6:  67  98  56  70  25   8  23   7  14  61,				 1 0 1 0 2 1 1 1 1 1 0 1 10
 7:  75  47  85  92  20  86  72  30  64  84,				 1 1 1 0 2 1 1 1 1 1 0 0 10
 8:  76   3   1  48  59  71   0  12  83   9,				 2 1 1 0 2 1 0 0 1 1 0 1 10
 9:  90  21  27  32  37  51   6  36  45  79,				 1 1 1 0 1 1 0 1 1 2 0 1 10
ï]âøíl:143878
time = 10585.8[ms]
cnt = 5000
01101001
 0:   4  85  10  51  44  45  49  61  60  83,				 1 1 1 0 2 1 0 0 1 1 1 1 10
 1:  13  43   1  26  16  92  20  48  29  86,				 2 1 1 0 2 1 0 1 0 1 0 1 10
 2:  35  57  17   0  59  71  14  34  94  58,				 1 1 1 0 1 1 0 1 1 1 1 1 10
 3:  39  91  54 100  63  88  68  56   7  98  66,				 1 1 1 0 2 1 1 1 1 1 0 1 11
 4:  42  32  24   2  96   8  82  30  47  12,				 2 1 1 0 1 1 0 1 1 1 0 1 10
 5:  55  81  77  21  27  37  70   9  41  28,				 2 0 1 0 1 1 1 1 1 1 1 0 10
 6:  67  62  84  18  72  19  73  46  64  31,				 1 1 1 0 1 1 1 1 1 1 0 1 10
 7:  75  50  78  25  65   3  79   6  99  36,				 2 0 1 0 2 1 0 0 1 2 0 1 10
 8:  76  52  95  15  69  93  38  11  89  53,				 1 1 1 1 1 1 0 1 1 1 0 1 10
 9:  90  97  74  87  23  33   5  22  40  80,				 2 0 1 0 1 1 0 1 1 1 1 1 10
ï]âøíl:144442
time = 10405.4[ms]
cnt = 5000
01101001
 0:   4  21   6  27  77  28  81   9  38  70,				 2 0 1 0 1 1 0 1 1 1 1 1 10
 1:  13  63   2  98  31  93  74  50  59  66,				 1 1 1 0 2 1 0 1 1 1 0 1 10
 2:  35  17  89  11  95  52  69  82  78  25,				 1 1 1 1 1 1 0 0 1 1 1 1 10
 3:  39  62  34  87  37  41  88 100  19  15  68,				 2 1 1 0 1 1 1 1 1 1 0 1 11
 4:  42   3   1  60  22  96   0  83  40  24,				 2 1 1 0 1 1 0 1 1 1 0 1 10
 5:  55  91  54  12  71   5  32  53  97   7,				 1 0 1 0 1 1 1 1 1 1 1 1 10
 6:  67  51  72  73  10  84  85  49  30  45,				 1 1 1 0 2 1 1 0 1 1 0 1 10
 7:  75  57  48  20  80  92  46  16  29  64,				 1 1 1 0 2 1 0 1 1 1 1 0 10
 8:  76  33  56  79  61  44  14   8  43  36,				 2 0 1 0 1 1 0 1 1 2 0 1 10
 9:  90  99  86  26  58  94  18  23  47  65,				 2 1 1 0 2 1 0 1 0 1 0 1 10
ï]âøíl:144113
time = 10526.9[ms]
cnt = 5000
01101001
 0:   4  36  56  31  63  66  94  18  93  62,				 1 1 1 0 1 1 0 1 1 1 1 1 10
 1:  13  52  89  15  38  17  24  69  82  80,				 1 1 1 0 1 1 0 1 1 1 1 1 10
 2:  35  81  28  78  37  70  41  27  88  43,				 1 0 1 0 1 1 1 1 1 1 1 1 10
 3:  39  65  85  51   0  46  30  79   6  21,				 2 1 1 0 1 1 0 1 1 1 0 1 10
 4:  42  10  49  61  44  45   8  72  83  60,				 1 1 1 0 2 1 1 0 1 1 0 1 10
 5:  55  98  32 100  77  54  68  91  50  95   7,				 1 1 1 0 2 1 1 0 0 2 1 1 11
 6:  67  19   3  64  73  84   5  25  11   9,				 2 0 1 1 1 1 0 1 1 1 0 1 10
 7:  75  48  16   1  26  99  20  86  92  47,				 2 1 1 0 2 1 0 1 1 1 0 0 10
 8:  76  57  34  59  12  71   2  14  53  58,				 2 1 1 0 1 1 0 1 1 1 0 1 10
 9:  90  97  74  87  22  29  96  40  33  23,				 2 0 1 0 2 1 0 1 1 1 0 1 10
ï]âøíl:143638
time = 10092.8[ms]
cnt = 5000
01101001
 0:   4  57   8  32  70  44  14  45  58  29,				 1 1 1 0 2 1 0 1 0 1 1 1 10
 1:  13  43  17  24  86  82  53  65  69  15,				 2 1 1 0 1 1 0 1 1 1 0 1 10
 2:  35  62  84  64  19  18  73  72  31  25,				 2 1 1 0 1 1 1 0 1 1 1 0 10
 3:  39  49  54  91   7  98  68  88  11   2,				 1 1 1 1 1 1 1 0 1 1 0 1 10
 4:  42  94  63  30  51  56  93   0  66  10,				 1 1 1 0 2 1 0 1 1 1 0 1 10
 5:  55  27   6  79   3  36  50  59  96  81  28,				 2 0 1 0 1 1 0 1 1 2 1 1 11
 6:  67   1  61  92  20   5  85  78  47  26,				 1 1 1 0 2 1 0 1 1 1 0 1 10
 7:  75  74  22  60  46  99  80  16  97  33,				 2 0 1 0 1 1 0 1 1 1 1 1 10
 8:  76  95  52  38  23  89  48  40 100  83,				 1 1 1 0 2 1 0 1 1 1 0 1 10
 9:  90  34   9  37  12  41  21  87  77  71,				 2 0 1 0 1 1 1 1 1 1 0 1 10
ï]âøíl:144706
time = 10347.5[ms]
cnt = 5000
01101001
 0:   4  10  32  36   8  58  61  96  23  44,				 1 0 1 0 2 1 0 1 1 1 1 1 10
 1:  13  26  64  16  99  80   2   7  46  43,				 1 1 1 0 1 1 1 1 0 1 1 1 10
 2:  35  31  65  17  29  18  94  27  37  62,				 1 1 1 0 1 1 0 1 1 1 1 1 10
 3:  39  68  98  56  85  54  66  88  78  41,				 1 0 1 0 2 1 1 1 1 1 0 1 10
 4:  42  52  89  95  82  38  87  15  70  69,				 1 1 1 0 1 1 0 1 1 2 0 1 10
 5:  55   1  48  71  53  20  92  59  50  57,				 2 1 1 0 2 1 0 0 1 1 1 0 10
 6:  67  84  19  47   5  49  73  25 100  33,				 2 1 1 0 1 1 0 1 1 1 0 1 10
 7:  75  91  83  24  86  11  12  60   3  34,				 2 0 1 1 1 1 0 1 1 1 0 1 10
 8:  76  21  81  40  22  14  77  28   9  45,				 2 1 1 0 1 1 0 1 1 1 0 1 10
 9:  90  97  74  93   6  63  72  30   0  79  51,				 2 1 1 0 2 1 1 0 1 1 0 1 11
ï]âøíl:143076
time = 9944.38[ms]
cnt = 5000
01101001
 0:   4  62  84  72  31  61  49  85  92  63,				 1 1 1 0 2 1 1 0 1 1 1 0 10
 1:  13  20  46  26  16  80  82  52  89  69,				 1 1 1 0 1 1 0 1 1 1 1 1 10
 2:  35  34  83  37  12  60  19  73  18  47,				 1 1 1 0 1 1 0 1 1 1 1 1 10
 3:  39  68  98  66  54  88  41  56  91   2,				 1 1 1 0 1 1 1 1 1 1 0 1 10
 4:  42  10  51  65  24  96  95  30   0  93,				 2 1 1 0 1 1 0 1 1 1 0 1 10
 5:  55  21  38  28  36  15  77   6   9  81,				 2 0 1 0 2 1 0 1 0 1 1 1 10
 6:  67   3  78 100  50  59  27   1  48   5  25,				 2 1 1 0 2 1 0 1 1 1 0 1 11
 7:  75  43  99  94  11   7  17  86  64  79,				 1 0 1 1 1 1 1 1 1 1 0 1 10
 8:  76  57   8  32  14  44  58  53  71  45,				 2 1 1 0 1 1 0 1 1 1 0 1 10
 9:  90  97  29  33  22  87  70  40  74  23,				 2 0 1 0 2 1 0 0 1 2 0 1 10
ï]âøíl:144602
time = 9928.03[ms]
cnt = 5000
01101001
 0:   4  47  78  49  85   5  70  25  33  61,				 2 0 1 0 1 1 0 1 1 2 1 0 10
 1:  13  17  98   1  68  54  66  82  11  41,				 1 0 1 1 1 1 1 1 1 1 0 1 10
 2:  35  16  43  81  26  99  86  94   7  27  18,				 1 1 1 0 1 1 1 1 1 1 1 1 11
 3:  39  74   6   0  96  36  31  21  63  28,				 2 1 1 0 1 1 0 1 1 1 0 1 10
 4:  42  62  37  40  88  65  30  23  29  87,				 2 0 1 0 2 1 0 1 1 1 0 1 10
 5:  55  79  44   8  57  32  58  50  71 100,				 2 1 1 0 1 1 0 0 1 1 1 1 10
 6:  67  53  73  64  19  10  72  84  45  51,				 1 1 1 0 2 1 1 0 1 1 0 1 10
 7:  75  97  34  91  22  20  60  14  77  92,				 1 1 1 0 2 1 0 1 1 1 0 1 10
 8:  76  48  83  46  12  56   3   2  59   9,				 2 1 1 0 2 1 0 1 0 1 0 1 10
 9:  90  52  89  95  38  80  93  69  15  24,				 1 1 1 0 1 1 0 1 1 1 1 1 10
ï]âøíl:144143
time = 10282[ms]
cnt = 5000
01101001
 0:   4  91  22  97  23  96  24  60  40   1,				 2 0 1 0 1 1 0 1 1 1 1 1 10
 1:  13  43  86   7  26  89  20  99  16  48,				 2 0 1 0 2 1 1 1 0 1 0 1 10
 2:  35  37  11   2  78  25  74  27  52  70,				 1 1 1 1 1 1 0 1 1 1 1 0 10
 3:  39  98  56  54  68  36  63  41  66  88,				 1 0 1 0 2 1 1 1 1 1 0 1 10
 4:  42  32   8  44  69  28  62  38  79  82,				 2 1 1 0 1 1 0 1 1 1 0 1 10
 5:  55  29  73  95  10  50  46  31  65  18,				 1 1 1 0 1 1 0 1 1 1 1 1 10
 6:  67  45  81  58   9  21  61  77  14  17,				 2 1 1 0 1 1 0 1 1 1 0 1 10
 7:  75  72  92  84  49   6  85  47  15  30,				 1 1 1 0 2 1 1 0 1 1 0 1 10
 8:  76  94  93  51   0  64  80  53  59  57,				 1 1 1 0 2 1 0 0 1 1 1 1 10
 9:  90   3  34  83  12  71  33  19  87   5 100,				 2 1 1 0 1 1 0 1 1 2 0 1 11
ï]âøíl:142779
time = 10256.7[ms]
cnt = 5000
01101001
 0:   4  43  65  17  79  14   7  12  18  29,				 1 1 1 0 1 1 1 1 0 1 1 1 10
 1:  13  16  46  93  33  20  56  30  84  98,				 2 0 1 0 2 1 0 1 1 1 0 1 10
 2:  35  62  34  19  40  37  83  60  87  88,				 2 0 1 0 1 1 0 1 1 1 1 1 10
 3:  39  91  57  53  23  54  96  58  32   2,				 2 1 1 0 2 1 0 1 1 1 0 0 10
 4:  42  82  95  38  24  89  80  15  69  52,				 1 1 1 0 1 1 0 1 1 1 1 1 10
 5:  55  85  47  92  94  26  73  99  86  64,				 1 1 1 0 1 1 0 1 1 1 1 1 10
 6:  67   3  48  71  59  50  78   5   0   1,				 1 1 1 0 2 1 0 1 1 1 0 1 10
 7:  75  36  74  11  31  72  25  63 100   6  97,				 2 1 1 1 1 1 1 0 1 1 0 1 11
 8:  76  10   8  61  45  44  51  66  68  49,				 1 1 1 0 2 1 0 1 1 1 0 1 10
 9:  90  21  81  27  28  70  77   9  41  22,				 2 0 1 0 1 1 1 0 1 2 0 1 10
ï]âøíl:144079
time = 10883.2[ms]
cnt = 5000
01101001
 0:   4  21  81   6  79  63  28  96  93  36,				 2 0 1 0 1 1 0 1 1 1 1 1 10
 1:  13  56  16  46  97  80  20   2  53  30,				 2 1 1 0 1 1 0 1 0 1 1 1 10
 2:  35  27  37  70  25  49  78  94  62  87,				 2 0 1 0 1 1 0 1 1 1 1 1 10
 3:  39  34  41  88  11  66  98  54  68  19,				 1 0 1 1 1 1 1 1 1 1 0 1 10
 4:  42  64  92  61  44  85  10  51  72  26,				 1 1 1 0 1 1 1 0 1 2 0 1 10
 5:  55  12  71  50  60   1   3  83   0  59,				 1 1 1 0 2 1 0 0 1 1 1 1 10
 6:  67  57   8  14  24  58  32  91  82  45  23,				 2 1 1 0 2 1 0 1 1 1 0 1 11
 7:  75  43  18  29  65  86  17  99   7  48,				 1 1 1 0 2 1 1 1 1 1 0 0 10
 8:  76  89  95  73  38  52  15  77 100  31,				 1 1 1 0 2 1 0 1 1 1 0 1 10
 9:  90  74  47   9   5  84  40  33  69  22,				 2 1 1 0 1 1 0 1 1 1 0 1 10
ï]âøíl:144417
time = 9856.59[ms]
cnt = 5000
01101001
 0:   4  14  57  49  44   8  61  58  16  45,				 1 1 1 0 1 1 0 1 1 1 1 1 10
 1:  13  10  51  32  70  28  27   0  96  60,				 2 1 1 0 1 1 0 1 1 1 0 1 10
 2:  35  23  81  19  53  73  11  88  97  41,				 1 0 1 1 1 1 1 0 1 1 1 1 10
 3:  39  66  98  63  74   2   6  50  31  25,				 2 1 1 0 1 1 0 1 1 1 0 1 10
 4:  42  94  43  29  99   7  26  64  18  80,				 1 1 1 0 2 1 1 0 0 1 1 1 10
 5:  55   3  91  59  48   5   1 100  71  12,				 1 1 1 0 1 1 0 1 1 1 1 1 10
 6:  67  62  56  54  93  46  79  78  33  36,				 2 0 1 0 2 1 0 1 1 1 0 1 10
 7:  75  30  85  65  47  92  20  86  72  84,				 1 1 1 0 2 1 1 1 1 1 0 0 10
 8:  76  52  15  89  82  38  24  69  17  95  68,				 2 1 1 0 1 1 0 1 1 2 0 1 11
 9:  90  37  22  83  34  40  87  77  21   9,				 2 0 1 0 2 1 0 1 1 1 0 1 10
ï]âøíl:143607
time = 10052[ms]
cnt = 5000
01101001
 0:   4  36  57  37  49  15  45   6  93  31,				 1 1 1 0 1 1 0 1 1 1 1 1 10
 1:  13  80  17   0  53  46  32  82  51  52,				 1 1 1 0 1 1 0 1 1 1 1 1 10
 2:  35  79  72  19  83  62  86  18  56  94  25,				 2 1 1 0 1 1 1 1 0 1 1 1 11
 3:  39   2  98  41  63  66  68  11  16  74,				 1 1 1 1 1 1 1 1 1 1 0 0 10
 4:  42  65  96  24  77  60  29  95  40  97,				 2 0 1 0 2 1 0 1 1 1 0 1 10
 5:  55  44  69  21   8  61  38  89  70  87,				 1 1 1 0 1 1 0 1 1 1 1 1 10
 6:  67  43  81  27  28  50  54   9   5  78,				 2 0 1 0 2 1 0 1 1 1 0 1 10
 7:  75  20  47  33  84  88  30  85  34  92,				 2 1 1 0 2 1 0 0 1 1 0 1 10
 8:  76  71   1  59  14 100  48  58  12   3,				 2 1 1 0 1 1 0 1 1 1 0 1 10
 9:  90   7  10  26  64  23  22  91  99  73,				 1 0 1 0 2 1 1 0 1 2 0 1 10
ï]âøíl:142862
time = 10226.9[ms]
cnt = 5000
01101001
 0:   4  32  24   8  12  82  60  96  19  97,				 2 0 1 0 1 1 0 1 1 1 1 1 10
 1:  13  62  30   0  66  77  63  17  41  74,				 1 1 1 0 2 1 1 1 0 1 0 1 10
 2:  35  70  25  95  27  11  89  52  78   5,				 1 0 1 1 1 1 0 1 1 1 1 1 10
 3:  39  98  56  91  68   7   2  88  53  54,				 2 1 1 0 1 1 1 0 1 1 0 1 10
 4:  42  57  64  26  44  71  14  80  92  20,				 1 1 1 0 1 1 0 1 1 1 1 1 10
 5:  55  79  81   6  28  36  23  50  21  93,				 2 0 1 0 1 1 0 0 1 2 1 1 10
 6:  67  31  85  46  10  49  84  45  72  73  51,				 1 1 1 0 2 1 1 1 1 1 0 1 11
 7:  75  43  65  16  18  94  29  99  86  58,				 1 1 1 0 2 1 0 1 1 1 0 1 10
 8:  76  47  34  33  61  69  87  15  59  37,				 2 1 1 0 2 1 0 1 1 1 0 0 10
 9:  90   1 100  40  48   9  38  22   3  83,				 2 1 1 0 1 1 0 1 1 1 0 1 10
ï]âøíl:144028
time = 9286.02[ms]
cnt = 5000
01101001
 0:   4  53  12  96  57  71  50  59  58   1,				 2 0 1 0 1 1 0 1 1 1 1 1 10
 1:  13  82  86  29   0  17  60  24  65  62,				 2 1 1 0 1 1 0 1 1 1 0 1 10
 2:  35  34  77  95  40  38  91  68   9   3,				 2 0 1 0 1 1 0 1 1 1 1 1 10
 3:  39  54  78  56  25  88  48  98 100  36,				 2 1 1 0 2 1 0 0 1 1 0 1 10
 4:  42  74  31  63  93  94  66   2  11  52,				 1 1 1 1 1 1 0 1 1 1 0 1 10
 5:  55  28  21  81  70   6  41  69  37  15,				 1 1 1 0 1 1 1 1 0 1 1 1 10
 6:  67  26  43  64  16  99  46  73  18  80   7,				 1 1 1 0 1 1 1 1 1 1 1 1 11
 7:  75  51  72  44  84  85  92  49  10  30,				 1 1 1 0 2 1 1 0 1 1 0 1 10
 8:  76  87  97  32   8  61  19  23  45  14,				 1 1 1 0 2 1 0 1 1 2 0 0 10
 9:  90  20  22  83  47  27  89   5  79  33,				 2 0 1 0 2 1 0 1 1 1 0 1 10
ï]âøíl:143638
time = 10883.2[ms]
cnt = 5000
01101001
 0:   4  58  14  32  91  54  12  71  53  57,				 2 0 1 0 1 1 0 1 1 1 1 1 10
 1:  13   2  30  31  66  63  17  93  98  74  11,				 2 1 1 1 1 1 0 1 1 1 0 1 11
 2:  35  83  22  37  40  21   9  34  87  70,				 2 0 1 0 1 1 0 1 1 1 1 1 10
 3:  39  25  52   6  78  65  50 100  79  85,				 2 1 1 0 1 1 0 0 1 2 0 1 10
 4:  42  94  69  49   5  73  26  80  15  47,				 1 1 1 0 1 1 0 1 1 1 1 1 10
 5:  55  46  29  88  56  43   7  18  33  36,				 1 1 1 0 1 1 1 1 0 1 1 1 10
 6:  67  81  23  77  41  19  28  82  24  62,				 2 0 1 0 2 1 1 0 1 1 0 1 10
 7:  75  84   1  92  20  86  16  72  48  97,				 1 1 1 0 2 1 1 1 1 1 0 0 10
 8:  76  61  68  10  99  38  64  44  45   8,				 1 1 1 0 2 1 0 1 1 1 0 1 10
 9:  90  95   3  59  51  27   0  60  89  96,				 1 1 1 0 2 1 0 1 1 1 0 1 10
ï]âøíl:143635
time = 10647.9[ms]
cnt = 5000
01101001
 0:   4  36   3  23  81  40  22  69  96  28,				 1 1 1 0 1 1 0 1 1 1 1 1 10
 1:  13  62  82  24  17  86  53  51   0  32,				 2 1 1 0 1 1 0 1 1 1 0 1 10
 2:  35  14  59  45  58  71   1  16  20  57  26,				 2 1 1 0 2 1 0 1 1 1 1 0 11
 3:  39  91  98  54  68   2   7  88  46  65,				 1 1 1 0 1 1 1 1 1 1 0 1 10
 4:  42  94  80  93  63  97  56  66  30  11,				 1 0 1 1 1 1 0 1 1 1 1 1 10
 5:  55   9  50  27  95  47  99  60  77  74,				 2 0 1 0 2 1 0 0 1 1 1 1 10
 6:  67  18  43  84  31  19  29  33  64  73,				 2 1 1 0 2 1 0 0 1 1 0 1 10
 7:  75  34  37  70  15  21  41 100   6  87,				 1 1 1 0 1 1 1 1 1 1 0 1 10
 8:  76  10  44  48  49  61  72   8  38  92,				 1 1 1 0 1 1 1 1 1 1 0 1 10
 9:  90  52  85  79  12   5  78  83  89  25,				 2 0 1 0 2 1 0 1 0 2 0 1 10
ï]âøíl:144075
time = 9948.2[ms]
cnt = 5000
01101001
 0:   4  92   1  10  72  36  60  48  96  59,				 2 1 1 0 1 1 1 1 0 1 1 0 10
 1:  13  74   2  17  66  31  63  30  93  98,				 2 1 1 0 1 1 0 1 1 1 0 1 10
 2:  35  21  81  70  27  37  77  28  41   6  45,				 1 1 1 0 1 1 1 1 1 1 1 1 11
 3:  39  16  43  88  53  65  54  78  11  85,				 1 0 1 1 2 1 0 0 1 2 0 1 10
 4:  42  49  87  51  94  62  80  61   5   0,				 1 1 1 0 1 1 0 1 1 1 1 1 10
 5:  55  50  57  79   8  44  32  58  14  71,				 2 0 1 0 1 1 0 1 1 1 1 1 10
 6:  67  23  46  18  19  73  84  47  33  64,				 1 1 1 0 2 1 0 1 1 1 0 1 10
 7:  75  34  91  22   7  99  20  26 100  97,				 1 1 1 0 2 1 1 0 1 1 0 1 10
 8:  76  68  15  69  38  82  24  52  89  95,				 2 1 1 0 1 1 0 1 1 1 0 1 10
 9:  90   3  56  25  12  40  86  29   9  83,				 2 0 1 0 2 1 0 1 1 1 0 1 10
ï]âøíl:143605
time = 9522.86[ms]
cnt = 5000
01101001
 0:   4  21  81  70  77  41  37   6  27   9,				 1 0 1 0 1 1 1 1 1 1 1 1 10
 1:  13  17  86  24  69  52  15  82  65  25,				 2 1 1 0 1 1 0 1 1 1 0 1 10
 2:  35  98  19  84  40  31  18  83  34  33,				 2 1 1 0 2 1 0 0 1 1 1 0 10
 3:  39  62  63  66  94  30  56  68  72  36,				 2 0 1 0 1 1 1 1 1 1 0 1 10
 4:  42  53  97  20   5  80 100  22  73   1  11,				 1 1 1 1 1 1 0 1 1 1 1 1 11
 5:  55  57  14  79  95  54  71  32  58  91,				 2 0 1 0 1 1 0 1 1 1 1 1 10
 6:  67  50  60   3  59   0  93  96  64  51,				 1 1 1 0 2 1 0 1 1 1 0 1 10
 7:  75  74  88  92  26  48  23  47  99  85,				 2 1 1 0 2 1 0 0 1 1 0 1 10
 8:  76  28  78  10   8  61  38  44  45  49,				 1 1 1 0 2 1 0 1 1 1 0 1 10
 9:  90  43  87   7  16  46   2  89  29  12,				 1 1 1 0 1 1 1 1 0 2 0 1 10
ï]âøíl:143520
time = 9562.6[ms]
cnt = 5000
01101001
 0:   4   3  65  36  60  59  96  88  27   0,				 1 1 1 0 1 1 0 1 1 1 1 1 10
 1:  13  19  21  34  68  41  37  80  28  15,				 2 0 1 0 1 1 1 1 0 1 1 1 10
 2:  35  85  62  49  78  26  44  92  61  38,				 1 1 1 0 1 1 0 1 1 1 1 1 10
 3:  39  91  98   1  48  20  22 100   5  83,				 1 1 1 0 2 1 0 1 1 1 0 1 10
 4:  42  97  89  53  73   7  12   8  87   2,				 2 1 1 0 1 1 1 0 1 1 0 1 10
 5:  55  17  47  32  29  24  82  69  86  79,				 2 1 1 0 1 1 0 1 1 1 1 0 10
 6:  67  57  50  45  54  58  71  14  81  77,				 1 1 1 0 2 1 0 1 1 1 0 1 10
 7:  75  43  64  16  46   6  84  72  99  18  31,				 1 1 1 0 2 1 1 1 1 1 0 1 11
 8:  76  10  56  63  51  93  94  66  33  30,				 2 0 1 0 2 1 0 1 1 1 0 1 10
 9:  90  52  74  25  40  95  23   9  70  11,				 2 0 1 1 1 1 0 0 1 2 0 1 10
ï]âøíl:143286
time = 10835[ms]
cnt = 5000
01101001
 0:   4  36   3  59   1  60  96   0  12  83,				 1 1 1 0 2 1 0 1 0 1 1 1 10
 1:  13  66  82  62  51   9  17  80  32  53,				 2 0 1 0 1 1 0 1 1 1 1 1 10
 2:  35  78  89  52  11  25  85  24  27   5,				 2 0 1 1 1 1 0 1 1 1 1 0 10
 3:  39  68  98  56  16  54  88   2  41  46,				 1 1 1 0 1 1 1 1 1 1 0 1 10
 4:  42  97  63  74  87  37 100  22  30  40,				 2 1 1 0 1 1 0 1 1 1 0 1 10
 5:  55  50  21  77  81  61  69   6   7  79,				 1 1 1 0 1 1 1 0 1 1 1 1 10
 6:  67  73  43  84  18  64  33  23  19  72,				 1 1 1 0 2 1 1 0 1 1 0 1 10
 7:  75  49  91  20  14  44   8  92  57  48,				 1 1 1 0 2 1 0 1 1 1 0 1 10
 8:  76  28  29  65  10  93  38  45  15  31  95,				 2 1 1 0 2 1 0 1 1 1 0 1 11
 9:  90  86  58  47  71  99  70  26  34  94,				 2 0 1 0 1 1 0 1 1 2 0 1 10
ï]âøíl:144082
time = 10714.9[ms]
cnt = 5000
01101001
 0:   4   3  59   1  36   6  93   0  96  60,				 1 1 1 0 1 1 0 1 1 1 1 1 10
 1:  13  62  15  32  28  82  38  80  53  17,				 2 0 1 0 1 1 0 1 1 1 1 1 10
 2:  35  52  78  89  70   5  11  95  27  25,				 1 0 1 1 1 1 0 1 1 1 1 1 10
 3:  39  88  91  98  68  54   2  46  56   7,				 1 1 1 0 1 1 1 1 1 1 0 1 10
 4:  42  24  97  74  51  45  30  72  40  66  63,				 2 1 1 0 2 1 1 1 1 1 0 0 11
 5:  55   8  14  69  44  50  81  57  79  58,				 2 1 1 0 1 1 0 1 0 1 1 1 10
 6:  67  10  64  23  73  19  33  87  18  84,				 2 1 1 0 2 1 0 0 1 1 0 1 10
 7:  75  16  65  94  99  86  43  48  29  92,				 1 1 1 0 2 1 0 1 1 1 0 1 10
 8:  76  49 100  21  22  61  20  31  26  85,				 2 1 1 0 1 1 0 0 1 2 0 1 10
 9:  90   9  34  37  77  12  71  47  83  41,				 1 0 1 0 2 1 1 1 1 1 0 1 10
ï]âøíl:144003
time = 10432[ms]
cnt = 5000
01101001
 0:   4  81   6  77  36  28  21  60  96  27,				 2 0 1 0 1 1 0 1 1 1 1 1 10
 1:  13   0  74  97  66  17  63  93  51  30,				 1 1 1 0 2 1 0 1 1 1 0 1 10
 2:  35  85  78  73  95  11  52  25   5  89,				 1 0 1 1 1 1 0 1 1 1 1 1 10
 3:  39  56  98  88  54   2  68  53  91  41,				 2 1 1 0 1 1 1 0 1 1 0 1 10
 4:  42  15  37  62  44  49  61  72  87 100,				 1 1 1 0 1 1 1 1 1 1 0 1 10
 5:  55  65  70  43  29  94  26  86  99  18   7,				 1 1 1 0 2 1 1 1 0 1 1 1 11
 6:  67  32  10   8  50  23  58  82  45  24,				 2 1 1 0 2 1 0 0 1 1 0 1 10
 7:  75  16  92  48  80  59  20  57  14   1,				 1 1 1 0 2 1 0 1 1 1 1 0 10
 8:  76  40  64  84  38   3  22  31   9  69,				 2 1 1 0 1 1 0 1 1 1 0 1 10
 9:  90  34  71  47  33  83  19  46  79  12,				 2 0 1 0 1 1 0 1 1 2 0 1 10
ï]âøíl:144390
time = 10446.3[ms]
cnt = 5000
01101001
 0:   4  59   0  65   3  27  36  96  60  83,				 1 1 1 0 2 1 0 1 1 1 1 0 10
 1:  13  17  10  51  66   7  30  63  32   9,				 2 0 1 0 2 1 1 1 0 1 0 1 10
 2:  35  34  37  47  41  19  84  25  88  73,				 1 0 1 0 1 1 1 1 1 1 1 1 10
 3:  39  38  44  78  85  49 100  62  28  70,				 1 1 1 0 1 1 0 1 1 2 0 1 10
 4:  42  22  26  20  97  80   1  53  82   5,				 2 0 1 0 1 1 0 1 1 1 1 1 10
 5:  55  50  64  79   6  71  54  57  99  45,				 1 1 1 0 2 1 0 0 1 1 1 1 10
 6:  67  40  23  48  14  98   8  56  91  92,				 1 1 1 0 2 1 0 1 1 1 0 1 10
 7:  75  16  74  33  12  87  46   2  43  29,				 2 1 1 0 1 1 0 1 1 1 0 1 10
 8:  76  21  81  61  68  18  72  77  58  94,				 2 1 1 0 1 1 1 0 1 1 0 1 10
 9:  90  52  89  24  31  93  95  86  69  15  11,				 2 1 1 1 1 1 0 1 1 1 0 1 11
ï]âøíl:143151
time = 10866.6[ms]
cnt = 5000
01101001
 0:   4  57  78  49  70  25  41  61  14  44,				 1 0 1 0 1 1 1 1 1 1 1 1 10
 1:  13  98  29  74  46   2  48  16  40  31,				 2 1 1 0 1 1 0 1 1 1 0 1 10
 2:  35  17   0  65  86  59  53   3  12  83,				 1 1 1 0 2 1 0 1 0 1 1 1 10
 3:  39  62  63  56  85  30  94  66  92  72,				 1 1 1 0 1 1 1 1 1 1 0 1 10
 4:  42  10   8  96  32  71  51  45  24  58,				 2 1 1 0 2 1 0 1 1 1 0 0 10
 5:  55  21   6  28  27  36  50   9  77  37  81,				 2 0 1 0 1 1 0 1 1 2 1 1 11
 6:  67  73  18  19   5  64  43  84  23  33,				 1 1 1 0 2 1 0 1 1 1 0 1 10
 7:  75  91   1  60  54  97  88  68  11   7,				 2 0 1 1 1 1 1 0 1 1 0 1 10
 8:  76 100  34  38  93  52  79  95  15  87,				 2 1 1 0 1 1 0 1 1 1 0 1 10
 9:  90  89  69  47  99  26  22  82  20  80,				 1 1 1 0 2 1 0 0 1 1 1 1 10
ï]âøíl:143808
time = 10000.8[ms]
cnt = 5000
01101001
 0:   4  49  85  25  10  44  84  73  92  78,				 1 1 1 0 2 1 0 0 1 1 1 1 10
 1:  13   3  96   0  70  27  32  28  51  30,				 2 1 1 0 1 1 0 1 1 1 0 1 10
 2:  35  72  19  18  31  62  34  61  83  37,				 1 1 1 0 1 1 1 1 1 1 1 0 10
 3:  39  91  98  56  88  54 100  63  66  68  41,				 1 1 1 0 2 1 1 1 1 1 0 1 11
 4:  42  65  24  12   8  53  82  47   2  17,				 2 1 1 0 1 1 0 0 1 2 0 1 10
 5:  55  89  38  52  93  95  79  20  23  36,				 1 0 1 0 2 1 0 1 1 1 1 1 10
 6:  67  71  45   1  59  48  57  50  14  58,				 2 1 1 0 1 1 0 1 1 1 0 1 10
 7:  75  64  99  26  16  43  86  94   7  11,				 1 0 1 1 1 1 1 1 1 1 0 1 10
 8:  76  81  21  69   6  77  15   9  60  46,				 2 1 1 0 2 1 0 1 0 1 0 1 10
 9:  90  22  80  97   5  74  33  40  87  29,				 2 0 1 0 1 1 0 1 1 1 1 1 10
ï]âøíl:144092
time = 10198.3[ms]
cnt = 5000
01101001
 0:   4  19  47  81  53  12  82   2  59  30,				 2 1 1 0 1 1 0 0 1 1 1 1 10
 1:  13  57  20  27  92  80  16  26  37  89,				 1 1 1 0 1 1 0 1 1 1 1 1 10
 2:  35  29  64  94  86  11  69  17  31  62,				 1 1 1 1 1 1 0 1 0 1 1 1 10
 3:  39  66  54  85  68  56  63  88  41  98,				 1 0 1 0 2 1 1 1 1 1 0 1 10
 4:  42  71  38  72  50  48   1 100  83  10,				 1 1 1 0 1 1 1 1 1 2 0 0 10
 5:  55  21  51  32  73   6  45  79  36  46  28,				 2 1 1 0 1 1 0 1 1 1 1 1 11
 6:  67  24  97  77  74   0  91  60  96  93,				 2 1 1 0 1 1 0 1 1 1 0 1 10
 7:  75  58   8  44  25  23  65  14  70  52,				 2 0 1 0 2 1 0 1 1 1 0 1 10
 8:  76  87  78   5  33  15  61  95  43  49,				 2 0 1 0 2 1 0 1 1 1 0 1 10
 9:  90  84  40   3  99   9  18  22  34   7,				 1 1 1 0 2 1 1 0 1 1 0 1 10
ï]âøíl:142892
time = 9851.49[ms]
cnt = 5000
01101001
 0:   4  21  77  81  70  38  27  94  58  60,				 2 0 1 0 1 1 0 1 1 1 1 1 10
 1:  13  10  74  30  17  63  93  66   0  51,				 1 1 1 0 2 1 0 1 1 1 0 1 10
 2:  35   8  32  50  71  79  78  44  62  25,				 2 0 1 0 2 1 0 0 1 1 1 1 10
 3:  39  98  56  36 100  46  68  72   6  54  15,				 1 1 1 0 2 1 1 1 1 1 0 1 11
 4:  42  31  65  82  69  52  95  96  24  29,				 2 1 1 0 1 1 0 1 1 1 0 1 10
 5:  55  47  89  16  85  99  92  26  61  20,				 1 1 1 0 2 1 0 0 1 2 1 0 10
 6:  67  19  73  18  43  64  84   5  33  80,				 1 1 1 0 1 1 0 1 1 1 1 1 10
 7:  75  14  53   2  34  59  57  12   7  91,				 1 1 1 0 1 1 1 1 1 1 0 1 10
 8:  76  97  23  49  40  88  45  28  37  87,				 2 1 1 0 1 1 0 1 1 1 0 1 10
 9:  90  41  83  22  86   3   1  11  48   9,				 2 0 1 1 1 1 1 1 0 1 0 1 10
ï]âøíl:144222
time = 10047[ms]
cnt = 5000
01101001
 0:   4  58  57   1  91  59  14  71  12  45  53,				 2 1 1 0 1 1 0 1 1 1 1 1 11
 1:  13  62  32  17   0  80  51  66  82  30,				 1 1 1 0 1 1 0 1 1 1 1 1 10
 2:  35  26  47  65  78  92  94  85  86  99,				 1 1 1 0 2 1 0 1 0 1 1 1 10
 3:  39  98  36  68  96  88   2   7  54  56,				 1 1 1 0 1 1 1 1 1 1 0 1 10
 4:  42  34  60  77  97  22  40  29  87  37,				 2 0 1 0 2 1 0 1 1 1 0 1 10
 5:  55  43  49  84  33  46  18  20  61  16,				 1 1 1 0 2 1 0 1 1 1 1 0 10
 6:  67  19  73  64   5  23  11   8  10  25,				 1 0 1 1 2 1 0 1 1 1 0 1 10
 7:  75  21  63  74  50  79  48 100   6  72,				 2 1 1 0 1 1 1 0 1 1 0 1 10
 8:  76  95  93  15  31  69  52  89  24  38,				 2 1 1 0 1 1 0 1 1 1 0 1 10
 9:  90  81  44  70  83  27  28   3   9  41,				 2 0 1 0 1 1 1 0 1 2 0 1 10
ï]âøíl:144727
time = 9944.33[ms]
cnt = 5000
01101001
 0:   4  57  74  96  36  63  93   2  31  24,				 2 1 1 0 1 1 0 1 1 1 1 0 10
 1:  13   3  27  70   0  32   9  86  30  51,				 2 1 1 0 1 1 0 1 1 1 0 1 10
 2:  35  17  52  82  89  15   7  38  68  95,				 1 0 1 0 1 1 1 1 1 1 1 1 10
 3:  39  78  25  62  54  56  11  88  41  66  85,				 1 0 1 1 2 1 1 1 1 1 0 1 11
 4:  42   1  71  72  53  12  98  83 100  59,				 1 1 1 0 2 1 1 0 1 1 0 1 10
 5:  55   6  28  21  79  50  81  20  69  46,				 2 1 1 0 1 1 0 1 0 1 1 1 10
 6:  67  73  19  18  33   5  80  43  64  84,				 1 1 1 0 1 1 0 1 1 1 1 1 10
 7:  75  48  10  14  23  44  92  65  91   8,				 1 1 1 0 2 1 0 1 1 1 0 1 10
 8:  76  99  61  94  58  49  26  16  47  45,				 2 1 1 0 1 1 0 0 1 2 0 1 10
 9:  90  40  60  22  97  29  77  87  37  34,				 2 0 1 0 2 1 0 1 1 1 0 1 10
ï]âøíl:144319
time = 10766[ms]
cnt = 5000
01101001
 0:   4  52  89  17  15  38  69  82  95  68,				 1 1 1 0 1 1 0 1 1 1 1 1 10
 1:  13  98  74  66  63  31  30  93   2  91,				 2 1 1 0 1 1 0 1 1 1 0 1 10
 2:  35  43  65  94  16  18  86  99  26   7,				 1 1 1 0 1 1 1 1 0 1 1 1 10
 3:  39  28  57  85   6  78  49  54  11  25,				 2 0 1 1 2 1 0 0 1 1 0 1 10
 4:  42  22   1  83  97  96  24   0  40  60,				 2 1 1 0 1 1 0 1 1 1 0 1 10
 5:  55  12  48  79   3  59  71 100  32  50,				 2 1 1 0 1 1 0 0 1 1 1 1 10
 6:  67  47  19  33  84  73   5  23  64  92,				 1 1 1 0 2 1 0 1 1 1 0 1 10
 7:  75  88  87  80  46  36  29  34  72  62,				 1 0 1 0 1 1 1 1 1 1 1 1 10
 8:  76  56  61  10  53  51  44  45   8  14  58,				 2 1 1 0 2 1 0 1 1 1 0 1 11
 9:  90  27  81  21   9  77  70  37  41  20,				 1 0 1 0 2 1 1 1 1 2 0 0 10
ï]âøíl:144041
time = 10028.5[ms]
cnt = 5000
01101001
 0:   4  36  28   0  93   6  74  63  96  21  31,				 2 1 1 0 1 1 0 1 1 1 1 1 11
 1:  13  26  46  16  80   7  43   2  64  99,				 1 1 1 0 1 1 1 1 0 1 1 1 10
 2:  35  47  49  73  92  84   5  85  78  33,				 1 1 1 0 2 1 0 1 1 1 1 0 10
 3:  39  22  11  97  60  72  91  20   1  53,				 2 0 1 1 1 1 1 0 1 1 0 1 10
 4:  42  10  45  29  17  95  82  24  51  65,				 1 1 1 0 2 1 0 0 1 2 0 1 10
 5:  55  50  58  81  71  59  23  57  14  94,				 1 0 1 0 2 1 0 1 1 1 1 1 10
 6:  67  25  66  98  56  54  40   8  70  48,				 2 0 1 0 2 1 0 1 1 1 0 1 10
 7:  75  34  37  62 100  19  77  87  88  41,				 1 1 1 0 1 1 1 1 1 1 0 1 10
 8:  76  38  44  52  15  61  89  69  79  68,				 2 1 1 0 1 1 0 1 1 1 0 1 10
 9:  90  27  86   3   9  83  18  32  30  12,				 2 1 1 0 1 1 0 1 1 1 0 1 10
ï]âøíl:143319
time = 10949[ms]
cnt = 5000
01101001
 0:   4  83   2  61  98  91  12   5  49  68,				 1 1 1 0 1 1 0 1 1 1 1 1 10
 1:  13  32  17  51  66  53  82  45  80  97,				 1 1 1 0 1 1 0 1 1 1 1 1 10
 2:  35  16  22  99  46  74  41  26  11  78  43,				 1 0 1 1 2 1 1 1 0 1 1 1 11
 3:  39  94  63  79   0  36  62  56  96  25,				 2 1 1 0 1 1 0 1 1 1 0 1 10
 4:  42  29  37  87  21  40  70  65  88  28,				 2 0 1 0 1 1 0 1 1 2 0 1 10
 5:  55  60  77  27  50  54   9   6   3  81,				 2 0 1 0 2 1 0 0 1 1 1 1 10
 6:  67  73  19  18   8  64   7  33  23  10,				 1 1 1 0 2 1 1 0 1 1 0 1 10
 7:  75  84  72  30  92  47  20  86  34  85,				 1 1 1 0 2 1 1 1 1 1 0 0 10
 8:  76   1 100  71  48  59  14  44  58  57,				 2 1 1 0 1 1 0 1 1 1 0 1 10
 9:  90  52  15  89  24  69  38  95  93  31,				 2 1 1 0 1 1 0 1 1 1 0 1 10
ï]âøíl:144021
time = 11477.1[ms]
cnt = 5000
01101001
 0:   4  57   1  36  58  96  94  71  59   0,				 1 1 1 0 1 1 0 1 1 1 1 1 10
 1:  13  47  32  17  24  63  82  66  30  69,				 2 1 1 0 1 1 0 1 1 1 0 1 10
 2:  35  62  89  16  99  92  26  78  86  22,				 1 1 1 0 2 1 0 1 0 1 1 1 10
 3:  39  98  83  49  85  44  72 100  68  51,				 1 1 1 0 2 1 1 0 1 1 0 1 10
 4:  42  29  37  34  87  97  60  40  88  80,				 2 0 1 0 1 1 0 1 1 1 1 1 10
 5:  55  77  50   6  21  81  79  18  20  28  27,				 2 1 1 0 2 1 0 0 1 1 1 1 11
 6:  67   3  64  73   5  19  41  11  25  84,				 1 0 1 1 1 1 1 1 1 1 0 1 10
 7:  75  91   7  14  43  65   2  54  53  12,				 1 1 1 0 1 1 1 1 1 1 0 1 10
 8:  76  46  45  10   8  48  56  33  61  23,				 2 1 1 0 2 1 0 1 1 1 0 0 10
 9:  90  52  15  74  95  93  31  38   9  70,				 2 0 1 0 1 1 0 1 1 2 0 1 10
ï]âøíl:143378
time = 10065.3[ms]
cnt = 5000
01101001
 0:   4  57   8  58  14  44  82  53  91  32  45,				 2 1 1 0 1 1 0 1 1 1 1 1 11
 1:  13  64  26   7   2  80  43  16  46  99,				 1 1 1 0 1 1 1 1 0 1 1 1 10
 2:  35  10  83  49  61  22  72  31  19  18,				 1 1 1 0 1 1 1 0 1 1 1 1 10
 3:  39   0  94  62  36  63  25  79  96  56,				 2 1 1 0 1 1 0 1 1 1 0 1 10
 4:  42   3  48 100  78  12  71  59   1  50,				 1 1 1 0 2 1 0 0 1 2 0 1 10
 5:  55  30  47  85  24  65  86  73  92  84,				 2 1 1 0 1 1 0 1 1 1 1 0 10
 6:  67  33  87  29   5  74  97  70  40  51,				 2 0 1 0 2 1 0 1 1 1 0 1 10
 7:  75  88  11  17  41  66  54  98  34  68,				 1 0 1 1 1 1 1 1 1 1 0 1 10
 8:  76  52  89  15  95  69  28  23  93  38,				 1 1 1 0 2 1 0 1 1 1 0 1 10
 9:  90  77  37   6   9  21  60  27  81  20,				 2 0 1 0 2 1 0 1 1 1 0 1 10
ï]âøíl:143717
time = 10522.6[ms]
cnt = 5000
01101001
 0:   4  10  49  45  61  78   8  44  16  68,				 1 1 1 0 2 1 0 0 1 1 1 1 10
 1:  13  53  30  97  17  32   0  86  51  82,				 2 1 1 0 1 1 0 1 1 1 0 1 10
 2:  35  34  19  41  71  83  37  87  62  88,				 1 0 1 0 1 1 1 1 1 1 1 1 10
 3:  39  21   6   2  72  46  31  63  50  74,				 1 1 1 0 1 1 1 1 1 1 0 1 10
 4:  42  81  99  94  69  80  28  26  29  47,				 2 1 1 0 2 1 0 0 0 1 1 1 10
 5:  55  38  89  52  15 100  95  93  70  58,				 1 1 1 0 1 1 0 1 1 1 1 1 10
 6:  67  98  64  20  92   5  73  84  85  25,				 1 1 1 0 2 1 0 1 1 1 0 1 10
 7:  75  91  43  65  24  77  12  18  60   7  14,				 2 1 1 0 1 1 1 1 1 1 0 1 11
 8:  76  54  57  36  27  56  79  59  33  96,				 2 0 1 0 2 1 0 1 1 2 0 0 10
 9:  90   1   9  11  23  48   3  66  22  40,				 2 0 1 1 1 1 0 1 1 1 0 1 10
ï]âøíl:143666
time = 10691.8[ms]
cnt = 5000
01101001
 0:   4  47   1  36  26  20   6  92  72  14,				 1 1 1 0 1 1 1 1 0 1 1 1 10
 1:  13  97  32  17  53  51  82  46  80   0  60,				 2 1 1 0 1 1 0 1 1 1 1 1 11
 2:  35  54  34  19  87  37  41  88  62  71,				 1 0 1 0 1 1 1 1 1 1 1 1 10
 3:  39  78  49  85  11  44  25  79  52 100,				 2 1 1 1 1 1 0 0 1 1 0 1 10
 4:  42  66  98  63  74  31  24  40  77  22,				 2 0 1 0 2 1 0 1 1 1 0 1 10
 5:  55  21  89  70  95   7  68  61  15  69,				 1 1 1 0 1 1 1 0 1 1 1 1 10
 6:  67  84  64  33  91  93  50  57   9   5,				 2 0 1 0 1 1 0 1 1 2 0 1 10
 7:  75  43  65  16  58  99  86  94  29  18,				 1 1 1 0 2 1 0 1 1 1 0 1 10
 8:  76  56  28  23  10  38  48  73  45   8,				 2 1 1 0 2 1 0 1 1 1 0 0 10
 9:  90   2  83  81  59  27   3  96  12  30,				 1 1 1 0 2 1 0 1 1 1 0 1 10
ï]âøíl:144039
time = 10844.8[ms]
cnt = 5000
01101001
 0:   4  17  43  65  24  29  86  60  69  82  12,				 2 1 1 0 1 1 0 1 1 1 1 1 11
 1:  13  28  93  80  15  51  19  52  26  64,				 2 0 1 0 2 1 0 0 1 1 1 1 10
 2:  35  32  87  40  95  23  70  97   7  53,				 2 0 1 0 1 1 1 0 1 1 1 1 10
 3:  39  98  88  66  68  91  54  34  72  83,				 1 0 1 0 2 1 1 1 1 1 0 1 10
 4:  42  56  94  36   0  79  62  96  30  63,				 2 1 1 0 1 1 0 1 0 2 0 1 10
 5:  55  59  71  50  57  46  58   2  74  31,				 2 1 1 0 1 1 0 1 1 1 1 0 10
 6:  67  85   3  89  78   5  73 100  25  11,				 1 1 1 1 1 1 0 1 1 1 0 1 10
 7:  75  84   1  16  47  22  20  33  14  92,				 1 1 1 0 2 1 0 1 1 1 0 1 10
 8:  76  10  49  99  45  61   8  38  48  44,				 1 1 1 0 2 1 0 1 1 1 0 1 10
 9:  90  18   9  41  37  77   6  81  21  27,				 1 1 1 0 1 1 1 1 1 1 0 1 10
ï]âøíl:143956
time = 9729.17[ms]
cnt = 5000
01101001
 0:   4   3  91   1  59  58  71  60  12  45   5,				 2 1 1 0 1 1 0 1 1 1 1 1 11
 1:  13   9  62  64  16  84  40  80  46   2,				 1 1 1 0 1 1 0 1 1 1 1 1 10
 2:  35  30  57  74  50  63   0  93  96  31,				 2 1 1 0 1 1 0 1 1 1 1 0 10
 3:  39  68  34  85  51  66  88  41  98  54,				 1 0 1 0 2 1 1 1 1 1 0 1 10
 4:  42  43  83  18  53  73  86  56  94  72,				 1 1 1 0 1 1 1 1 1 1 0 1 10
 5:  55  21  81   6  15  28  69  77  36  37,				 1 1 1 0 2 1 0 1 0 1 1 1 10
 6:  67  32  19  82  87  97  29 100  70  33,				 2 1 1 0 1 1 0 0 1 2 0 1 10
 7:  75  52  65  24  14  25  95  17  11  23,				 2 0 1 1 1 1 0 1 1 1 0 1 10
 8:  76  78  61  92  49  44  10   8  48  38,				 1 1 1 0 2 1 0 1 1 1 0 1 10
 9:  90  47  89  27   7  20  79  99  26  22,				 2 0 1 0 2 1 1 0 1 1 0 1 10
ï]âøíl:143847
time = 9380.21[ms]
cnt = 5000
01101001
 0:   4  16  10   8  45  96  61  44  49  68,				 1 1 1 0 1 1 0 1 1 1 1 1 10
 1:  13  52  53  93  65   0  79  51  17  15,				 2 1 1 0 2 1 0 0 1 1 0 1 10
 2:  35  37  70  20   9  41  28  21  81  27,				 2 0 1 0 1 1 1 1 1 1 1 0 10
 3:  39  66  56  72  63  85  92  30  62  94,				 1 1 1 0 1 1 1 1 1 1 0 1 10
 4:  42  89  69  83  38  22  50  40  26  98,				 1 1 1 0 1 1 0 1 1 2 0 1 10
 5:  55  24  23  95  32  82  60  91  97  77,				 2 0 1 0 2 1 0 0 1 1 1 1 10
 6:  67  64  33  84  18  80  19   5  73  43,				 1 1 1 0 1 1 0 1 1 1 1 1 10
 7:  75  36  11  86   3   1  25  54  78   6,				 1 0 1 1 2 1 0 1 1 1 0 1 10
 8:  76  87  14  59  34  12  58  71 100  57,				 2 1 1 0 1 1 0 1 1 1 0 1 10
 9:  90  47  74  48  29   7  46  31  88   2  99,				 2 1 1 0 2 1 1 1 0 1 0 1 11
ï]âøíl:142934
time = 9703.06[ms]
cnt = 5000
01101001
 0:   4   3  65  36  60  59   0  96  88  93,				 1 1 1 0 1 1 0 1 1 1 1 1 10
 1:  13  10  32  17  30  51  66  63  45  24,				 2 1 1 0 2 1 0 1 0 1 0 1 10
 2:  35  34  50  68  54  71  12   7   5  98,				 1 0 1 0 1 1 1 1 1 1 1 1 10
 3:  39  97  16  46   2  74  91  20  31  33,				 2 1 1 0 1 1 0 1 1 2 0 0 10
 4:  42  47  99  94  86  26  58   1  11  61,				 2 0 1 1 1 1 0 1 1 1 0 1 10
 5:  55  21  77  41  28  70  37  81   9  27   6,				 2 0 1 0 1 1 1 1 1 1 1 1 11
 6:  67  72  62  84  18  19  64  25  73   8,				 1 1 1 0 2 1 1 0 1 1 0 1 10
 7:  75  43  49 100  83  85  44  78  87  79,				 2 1 1 0 2 1 0 0 1 1 0 1 10
 8:  76  14  48  92  40  56  23  95  57  29,				 1 1 1 0 2 1 0 1 1 1 0 1 10
 9:  90  89  15  52  69  80  82  38  22  53,				 1 1 1 0 1 1 0 1 1 1 1 1 10
ï]âøíl:143739
time = 10337.2[ms]
cnt = 5000
01101001
 0:   4  85  49  25  84  92  62  88  40  72,				 1 1 1 0 1 1 1 0 1 1 1 1 10
 1:  13  56  16  63   2  53  98  66  30  93,				 2 1 1 0 1 1 0 1 1 1 0 1 10
 2:  35  65  18  19  43  31  46  73  12  29,				 1 1 1 0 1 1 0 1 1 1 1 1 10
 3:  39  91  83  22  48  97 100  20  79  34,				 2 1 1 0 2 1 0 0 1 1 0 1 10
 4:  42  89  38  95  24  52  82  17  15  80  69,				 1 1 1 0 1 1 0 1 1 2 1 1 11
 5:  55  81  41  37  27  77  21   9  70  28,				 2 0 1 0 1 1 1 1 1 1 1 0 10
 6:  67  74  57  54  50  33  87  78   5  71,				 2 0 1 0 2 1 0 1 1 1 0 1 10
 7:  75   6   0  96  60  11  59  36   1   3,				 1 1 1 1 1 1 0 1 1 1 0 1 10
 8:  76  45  61   8  51  68  10  14  44  32,				 1 1 1 0 2 1 0 1 1 1 0 1 10
 9:  90   7  99  64  58  23  47  86  26  94,				 2 0 1 0 2 1 1 1 0 1 0 1 10
ï]âøíl:143377
time = 10122[ms]
cnt = 5000
01101001
 0:   4  28  21  89  70  20  38  27  72  69,				 1 1 1 0 1 1 1 1 1 1 1 0 10
 1:  13  10  74  17  63  93   0  66  41   9,				 1 1 1 0 1 1 1 1 1 1 0 1 10
 2:  35  26  65  85  99  94  78  18  86  62,				 1 1 1 0 2 1 0 1 0 1 1 1 10
 3:  39   6  54  68  98  81  36  50   2   7,				 1 1 1 0 1 1 1 0 1 2 0 1 10
 4:  42  59  53 100  58  71  96   1  12  57,				 2 1 1 0 1 1 0 1 1 1 0 1 10
 5:  55  91  97  32  23  82  60  95  77  24,				 2 0 1 0 2 1 0 0 1 1 1 1 10
 6:  67   3  11  73  19  25  31   5  84  64,				 2 0 1 1 1 1 0 1 1 1 0 1 10
 7:  75  87  16  29  46  80  33  43  88  49  15,				 2 0 1 0 2 1 0 1 1 1 1 1 11
 8:  76   8  61  52  56  44  79  14  45  51,				 1 1 1 0 2 1 0 1 1 1 0 1 10
 9:  90  34  37  92  40  83  48  22  47  30,				 2 1 1 0 1 1 0 1 1 1 0 1 10
ï]âøíl:144369
time = 10256.9[ms]
cnt = 5000
01101001
 0:   4  98  91  54  66  88  93  49  63  60,				 1 0 1 0 2 1 0 1 1 1 1 1 10
 1:  13  89  16  97  46  80  26   7  99  20,				 1 0 1 0 2 1 1 1 0 1 1 1 10
 2:  35  10  44  78  85  68  34  61  92  38,				 1 1 1 0 1 1 0 1 1 1 1 1 10
 3:  39  31  62  74  36  72   0  51  94  96,				 1 1 1 0 1 1 1 1 1 1 0 1 10
 4:  42  12  82  47  24  81   2  77  41  30,				 2 1 1 0 1 1 1 0 1 1 0 1 10
 5:  55  87  28  29  70  21  32  37  95  69  27,				 2 1 1 0 1 1 0 1 1 1 1 1 11
 6:  67  33  64  43   5  18  84  23  19  73,				 1 1 1 0 2 1 0 1 1 1 0 1 10
 7:  75  79 100  17  25  50  15  65  52   6,				 2 1 1 0 1 1 0 0 1 2 0 1 10
 8:  76  71  14  56  58  45  53   8  59  57,				 2 1 1 0 2 1 0 1 1 1 0 0 10
 9:  90   1  22  40   3  86  83  11  48   9,				 2 0 1 1 1 1 0 1 1 1 0 1 10
ï]âøíl:144444
time = 10699.6[ms]
cnt = 5000
01101001
 0:   4  10  48  29   1  16  61  45  72  20,				 1 1 1 0 2 1 1 0 1 1 1 0 10
 1:  13  28  41  27  81  77   9  21  70  37,				 2 0 1 0 1 1 1 1 1 1 0 1 10
 2:  35  89  15  52  31  17  38  95  69  82,				 1 1 1 0 1 1 0 1 1 1 1 1 10
 3:  39  98  88  56  66  63  91  54  68   7,				 1 0 1 0 2 1 1 1 1 1 0 1 10
 4:  42  60  93  51   0  65  24  96  97  94,				 2 1 1 0 1 1 0 1 1 1 0 1 10
 5:  55  85  26  92  47  74  46   6  36  99  79,				 2 1 1 0 1 1 0 1 0 2 1 1 11
 6:  67  73  64  84  19  80  18  33   5  43,				 1 1 1 0 1 1 0 1 1 1 1 1 10
 7:  75  62  25  49  50  44 100  78   8  11,				 1 1 1 1 2 1 0 0 1 1 0 1 10
 8:  76  59  57  71   2  14  58  53  12  34,				 2 1 1 0 1 1 0 1 1 1 0 1 10
 9:  90  23  40  83   3  86  22  32  87  30,				 2 0 1 0 2 1 0 1 1 1 0 1 10
ï]âøíl:144546
time = 10100.8[ms]
cnt = 5000
01101001
 0:   4  65  12  82  59  17  24  69  53  47,				 2 1 1 0 1 1 0 0 1 1 1 1 10
 1:  13  63  74  98  36  93  31  66   2  33,				 2 1 1 0 1 1 0 1 1 1 0 1 10
 2:  35   9  40  34  91  21  37  77  22  68,				 2 0 1 0 1 1 0 1 1 1 1 1 10
 3:  39  81  19  88  28  41  62  46  87  54,				 2 0 1 0 1 1 1 1 1 1 0 1 10
 4:  42  64  43  99   7  18  26  80  29  94,				 1 1 1 0 2 1 1 0 0 1 1 1 10
 5:  55  32  44  71  57   8  50  58  14  79,				 2 0 1 0 1 1 0 1 1 1 1 1 10
 6:  67   5  73  89  85  25 100  11  78  52,				 1 1 1 1 1 1 0 1 1 1 0 1 10
 7:  75  16  97  72  84   1  92  86  20   6  60,				 1 1 1 0 2 1 1 1 1 1 0 1 11
 8:  76  61  10  38  45  95  49  23  48  15,				 1 1 1 0 2 1 0 1 1 1 0 1 10
 9:  90  27   3  56  83  30  96   0  51  70,				 1 1 1 0 2 1 0 1 1 2 0 0 10
ï]âøíl:143599
time = 9747.47[ms]
cnt = 5000
01101001
 0:   4   8  32  70  58  14  44  45  71  57,				 1 1 1 0 1 1 0 1 1 1 1 1 10
 1:  13  65  17  53  82   0  60  51  97  86,				 2 1 1 0 1 1 0 1 1 1 0 1 10
 2:  35  74  50  31  59  27  96   2   3  48,				 2 1 1 0 1 1 0 1 1 1 1 0 10
 3:  39   1  91 100  98  41  68  22  11  54,				 1 1 1 1 1 1 1 0 1 1 0 1 10
 4:  42  38  24  95  64  40  52  83   9  80,				 2 0 1 0 1 1 0 1 1 1 1 1 10
 5:  55  21  36   6  69  37  28  25  77  15  81,				 2 1 1 0 2 1 0 1 0 1 1 1 11
 6:  67  47  49  26  78  92  61   5  20  85,				 1 1 1 0 2 1 0 1 1 1 0 1 10
 7:  75  34  87  29  88  33  19  84  62  46,				 2 0 1 0 2 1 0 1 1 1 0 1 10
 8:  76  56  66  94  72  10  30  93  63  23,				 1 0 1 0 2 1 1 1 1 1 0 1 10
 9:  90  89  79  73   7  43  16  99  12  18,				 1 1 1 0 1 1 1 0 1 2 0 1 10
ï]âøíl:144509
time = 10350.7[ms]
cnt = 5000
01101001
 0:   4  57  34  91  12  77  14  58  71  53  45,				 2 1 1 0 1 1 0 1 1 1 1 1 11
 1:  13  98   1  17  54  66  41  82  11  68,				 1 0 1 1 1 1 1 1 1 1 0 1 10
 2:  35   3  59  27  83  50  81  96  60   0,				 1 1 1 0 2 1 0 1 1 1 1 0 10
 3:  39  51  85  28  49  78  70  44  62  92,				 1 1 1 0 2 1 0 0 1 2 0 1 10
 4:  42  89  15  93  31  24  95  69  52  38,				 2 1 1 0 1 1 0 1 1 1 0 1 10
 5:  55  21  32  36  87  63  37 100   6  79,				 2 1 1 0 1 1 0 1 0 1 1 1 10
 6:  67  10  72  84  18  64  25  73  23  19,				 1 1 1 0 2 1 1 0 1 1 0 1 10
 7:  75  43  65  16  29  86  99   7  94  26,				 1 0 1 0 2 1 1 1 1 1 0 1 10
 8:  76  47  46  61   2   8  56  33  88  48,				 2 1 1 0 1 1 0 1 1 1 0 1 10
 9:  90  20   5  40  97  22  74  80   9  30,				 2 0 1 0 1 1 0 1 1 1 1 1 10
ï]âøíl:144978
time = 9288.26[ms]
cnt = 5000
01101001
 0:   4  62  84  49  19  31  72  61  88  45,				 1 1 1 0 1 1 1 0 1 1 1 1 10
 1:  13  57  63  74  36  48 100   5  93  41,				 1 1 1 0 1 1 1 1 1 1 0 1 10
 2:  35  89  44  92  51  73  10  85  78  25,				 1 1 1 0 2 1 0 0 1 1 1 1 10
 3:  39  38  95  91  23  64  52  79   7  68,				 2 0 1 0 1 1 1 1 1 1 0 1 10
 4:  42  96   0  60   3  59  12   1  24  83,				 2 1 1 0 2 1 0 1 0 1 0 1 10
 5:  55  21  77  81  70  28  27  37   9   6  18,				 2 1 1 0 1 1 0 1 1 1 1 1 11
 6:  67  32  82  46  33  87  29  80  97  50,				 2 0 1 0 1 1 0 1 1 1 1 1 10
 7:  75  43  65  14  20   2  16  17  53  11,				 1 1 1 1 1 1 0 1 1 2 0 0 10
 8:  76  98  22   8  40  54  56  66  69  30,				 1 1 1 0 2 1 0 1 1 1 0 1 10
 9:  90  86  26  94  99  58  47  34  15  71,				 2 0 1 0 2 1 0 1 1 1 0 1 10
ï]âøíl:143621
time = 10601.9[ms]
cnt = 5000
01101001
 0:   4  85  84  72  92  49  47  20  30  40,				 1 1 1 0 2 1 1 0 1 1 1 0 10
 1:  13  97  29  80  32  19  87   2  46  82  33,				 2 1 1 0 1 1 0 1 1 1 1 1 11
 2:  35   6  27  81  41  70  77  21   9  37,				 1 0 1 0 1 1 1 1 1 1 1 1 10
 3:  39  91  68  98  34  54  66   7  88  63,				 1 0 1 0 2 1 1 1 1 1 0 1 10
 4:  42  43  65  73  86  83  18  53  12  79,				 2 1 1 0 1 1 0 1 1 1 0 1 10
 5:  55  57  58   5  71  94  48  50  74  23,				 2 0 1 0 1 1 0 1 1 1 1 1 10
 6:  67  17   1  59   0  60  96   3  11  28,				 2 1 1 1 1 1 0 1 0 1 0 1 10
 7:  75   8 100  62  14  56  36  78  44  25,				 1 1 1 0 2 1 0 1 1 1 0 1 10
 8:  76  16  99  22  10  64  45  51  61  26,				 1 1 1 0 2 1 0 0 1 2 0 1 10
 9:  90  52  31  89  95  15  69  38  93  24,				 2 1 1 0 1 1 0 1 1 1 0 1 10
ï]âøíl:143822
time = 9965.49[ms]
cnt = 5000
01101001
 0:   4  65  78  85  53  12  14   2  59  57,				 1 1 1 0 2 1 0 1 0 1 1 1 10
 1:  13  28  62  56  36   0  93  96  30  63,				 2 1 1 0 1 1 0 1 1 1 0 1 10
 2:  35  34  37  91  21  87  77  40  68  83,				 2 0 1 0 2 1 0 1 1 1 1 0 10
 3:  39  16   1  98  22  48  46  41  20 100,				 1 1 1 0 1 1 1 1 1 1 0 1 10
 4:  42  52  82  24  69  15  89  95  38  31,				 2 1 1 0 1 1 0 1 1 1 0 1 10
 5:  55  50  54  79   6  71  32   7   3   9,				 2 0 1 0 1 1 1 0 1 1 1 1 10
 6:  67  84  19  73  18   5  43  23  64  80  33,				 1 1 1 0 2 1 0 1 1 1 1 1 11
 7:  75  74  17  25  11  29  88  72  97  60,				 2 0 1 1 1 1 1 0 1 1 0 1 10
 8:  76  44  10  45  61  49   8  51  66  58,				 1 1 1 0 2 1 0 1 1 1 0 1 10
 9:  90  47  94  86  81  99  26  92  70  27,				 1 1 1 0 1 1 0 1 1 2 0 1 10
ï]âøíl:143609
time = 10674.9[ms]
cnt = 5000
01101001
 0:   4  49  44  25  85  45  61  10  84  78,				 1 1 1 0 2 1 0 0 1 1 1 1 10
 1:  13  82   2  26  16  80  99  46  43  65,				 1 1 1 0 1 1 0 1 1 1 1 1 10
 2:  35  81  60  94  19  83  31  18  62  86,				 2 1 1 0 1 1 0 1 0 1 1 1 10
 3:  39  52  89  17  38  88   7  68 100  15,				 1 1 1 0 1 1 1 1 1 1 0 1 10
 4:  42  63  66  24  74  41  98  93  11  77,				 1 0 1 1 2 1 1 1 1 1 0 0 10
 5:  55  28  87  32  37  29  21  95  27  69  70,				 2 1 1 0 1 1 0 1 1 1 1 1 11
 6:  67  54  64   9  50   5  58  57  91  71,				 2 0 1 0 1 1 0 1 1 2 0 1 10
 7:  75  72  47   6  20  36  34  79  92  14,				 1 1 1 0 1 1 1 1 1 1 0 1 10
 8:  76  51   3  73  59  12  53   1  48   0,				 2 1 1 0 2 1 0 0 1 1 0 1 10
 9:  90  40   8  30  23  96  56  22  97  33,				 2 0 1 0 2 1 0 1 1 1 0 1 10
ï]âøíl:144182
time = 9921.58[ms]
cnt = 5000
01101001
 0:   4  60  47  74  70  29  27  88  25   0,				 2 1 1 0 1 1 0 0 1 1 1 1 10
 1:  13  98   1  17  41  66  68  54  69  11  82,				 1 1 1 1 1 1 1 1 1 1 0 1 11
 2:  35  32  71  12   2  91  53  24  43  78,				 2 1 1 0 1 1 0 0 1 1 1 1 10
 3:  39  94   5  34  80  15  85  33  87  57,				 2 0 1 0 1 1 0 1 1 1 1 1 10
 4:  42  83  56 100  40   9  30  95  52  38,				 2 1 1 0 1 1 0 1 1 1 0 1 10
 5:  55  28  21  81  36  77   6  93  37  63,				 1 0 1 0 2 1 0 1 1 1 1 1 10
 6:  67  31  64  19  84  18  73  46  72  62,				 1 1 1 0 1 1 1 1 1 1 0 1 10
 7:  75  48  50   3  65  59   7  96  79  23,				 2 0 1 0 2 1 1 1 1 1 0 0 10
 8:  76  61  10  49  44   8  45  51  14  58,				 1 1 1 0 2 1 0 1 1 1 0 1 10
 9:  90  89  20  86  26  16  92  22  97  99,				 1 1 1 0 2 1 0 1 0 2 0 1 10
ï]âøíl:143576
time = 11120.5[ms]
cnt = 5000
01101001
 0:   4  70  65  87  37  27  43  29   7  88,				 1 0 1 0 1 1 1 1 1 1 1 1 10
 1:  13   0  80  53  28  17  74  98  15  93  51,				 2 1 1 0 2 1 0 0 1 1 1 1 11
 2:  35   2  19  34  31  59  83   3  12  41,				 1 1 1 0 2 1 1 0 0 1 1 1 10
 3:  39  63  66  91  49  72  62  68  30  94,				 2 0 1 0 1 1 1 1 1 1 0 1 10
 4:  42  64  52  82  95  45  24  99  38  60,				 2 1 1 0 1 1 0 1 1 1 0 1 10
 5:  55  50  79   6  46  32  69  57  54  71,				 1 1 1 0 1 1 0 1 1 1 1 1 10
 6:  67  85  25   5 100  78  97  11  73  89,				 1 1 1 1 1 1 0 1 1 1 0 1 10
 7:  75  48  16  47  86   1  84  20  92  26,				 2 1 1 0 2 1 0 1 1 1 0 0 10
 8:  76  61  44  33  10  56  18  96   8  36,				 1 1 1 0 1 1 0 1 1 2 0 1 10
 9:  90  81  40  14  77  22  21   9  58  23,				 2 0 1 0 2 1 0 1 1 1 0 1 10
ï]âøíl:143635
time = 10982.7[ms]
cnt = 5000
01101001
 0:   4  57  49  85  26  20  44  61  92  78,				 1 1 1 0 2 1 0 0 1 1 1 1 10
 1:  13  98  74  16  31  84  93  63   2  30,				 2 1 1 0 2 1 0 0 1 1 0 1 10
 2:  35  21  81  70  27   6  25  77  37   9,				 2 0 1 0 1 1 0 1 1 1 1 1 10
 3:  39  34  19  68  88  66  41  33  54  62,				 2 0 1 0 1 1 1 1 1 1 0 1 10
 4:  42  97  56   0  51  80  94  36  96  53,				 1 1 1 0 1 1 0 1 0 2 1 1 10
 5:  55  89  60  73  95  69  50  46  15  47,				 1 1 1 0 1 1 0 1 1 1 1 1 10
 6:  67   3   5  45  91  32  79  87  71  83,				 2 1 1 0 1 1 0 1 1 1 0 1 10
 7:  75   1  14  17  52 100  72  48  11  59,				 1 1 1 1 1 1 1 1 1 1 0 0 10
 8:  76  22  38   8  10  28  23  40  58  64,				 2 0 1 0 2 1 0 1 1 1 0 1 10
 9:  90  65  82  12  43  99   7  86  18  24  29,				 1 1 1 0 2 1 1 1 1 1 0 1 11
ï]âøíl:143385
time = 9773.66[ms]
cnt = 5000
01101001
 0:   4  60   1  59  96   6  36   3   0  71,				 1 1 1 0 1 1 0 1 1 1 1 1 10
 1:  13  32  30  93  10  66  51   9  17  63,				 2 0 1 0 2 1 0 1 1 1 0 1 10
 2:  35  16  89  47  85  20  92  53  73  12,				 1 1 1 0 1 1 0 0 1 2 1 1 10
 3:  39  62  49  54  11  88 100  19  78  68,				 1 1 1 1 2 1 0 0 1 1 0 1 10
 4:  42  52  82  65  15  38  69  24  80  95,				 1 1 1 0 1 1 0 1 1 1 1 1 10
 5:  55  18  77  21  41  81  28  70  37  27,				 1 1 1 0 1 1 1 1 1 1 1 0 10
 6:  67  46  84  74   2  50  31  98  72  25,				 2 1 1 0 1 1 1 1 0 1 0 1 10
 7:  75   7  43  26  91  64  48  94  99  86,				 2 0 1 0 1 1 1 1 1 1 0 1 10
 8:  76  14  57  56   8  58  44  45  23  61  79,				 2 1 1 0 2 1 0 1 1 1 0 1 11
 9:  90  22  97  40  83  33  34  87  29   5,				 2 0 1 0 2 1 0 1 1 1 0 1 10
ï]âøíl:143840
time = 10901.3[ms]
cnt = 5000
01101001
 0:   4  50   3  59  65  53  96  12   2  78,				 1 1 1 0 2 1 0 1 0 1 1 1 10
 1:  13  63  61  36  25   0  62   5  74  17,				 1 1 1 0 1 1 0 1 1 2 0 1 10
 2:  35  94  64  73  26  99  16  11  43   7,				 1 0 1 1 1 1 1 0 1 1 1 1 10
 3:  39  49  68  44  72  83 100  10  51  85,				 1 1 1 0 2 1 1 0 1 1 0 1 10
 4:  42  52  15  89  31  95  69  38  24  93,				 2 1 1 0 1 1 0 1 1 1 0 1 10
 5:  55   6  21  37  27   9  28  70  77  41  81,				 2 0 1 0 1 1 1 1 1 1 1 1 11
 6:  67  45  91  14  71  32  54  57  58  79,				 2 1 1 0 1 1 0 1 1 1 0 1 10
 7:  75  84  18  34  88  33  80  47  46  19,				 1 1 1 0 1 1 0 1 1 1 1 1 10
 8:  76  40  98  56  30  66   8  92  48  23,				 2 1 1 0 2 1 0 1 1 1 0 0 10
 9:  90  97   1  87  60  86  22  82  29  20,				 2 0 1 0 2 1 0 1 1 1 0 1 10
ï]âøíl:143266
time = 10174.1[ms]
cnt = 5000
01101001
 0:   4  12   2  93  14  30  91  34  57  54,				 1 1 1 0 1 1 0 1 1 1 1 1 10
 1:  13  17  32  62  28   0  53  82  15  19,				 2 1 1 0 1 1 0 0 1 2 0 1 10
 2:  35  21  27   9  81  41  70  37   6  77,				 1 0 1 0 1 1 1 1 1 1 1 1 10
 3:  39  36  63  74  25  31  66  11  98  88  78,				 2 0 1 1 2 1 0 1 1 1 0 1 11
 4:  42  64  92  96  95  52  40  24  60  51,				 2 1 1 0 1 1 0 1 1 1 0 1 10
 5:  55  50  59  58  48  23   3  71   1 100,				 2 1 1 0 2 1 0 0 1 1 1 0 10
 6:  67  79  85  46  73  47  20  49  84  72,				 1 0 1 0 2 1 1 1 1 1 0 1 10
 7:  75  99  86   7  43  26  16  18  65  94,				 1 1 1 0 1 1 1 1 1 1 0 1 10
 8:  76  10   8  45  38  44  68  61  56  29,				 1 1 1 0 2 1 0 1 1 1 0 1 10
 9:  90  97  89  22  69  87  33  83   5  80,				 2 1 1 0 1 1 0 1 0 1 1 1 10
ï]âøíl:143845
time = 10668.2[ms]
cnt = 5000
01101001
 0:   4  60   3   1  36  59  96   0   6  93,				 1 1 1 0 1 1 0 1 1 1 1 1 10
 1:  13  24  32  17  51  80  53  57  69  82,				 2 1 1 0 1 1 0 0 1 1 1 1 10
 2:  35  68  98  34  91  54  12  83  71   2  46,				 1 1 1 0 2 1 0 1 1 1 1 1 11
 3:  39  62  72  49  66  50  63  31  25  94,				 2 0 1 0 1 1 1 1 1 1 0 1 10
 4:  42  11  87  97 100  48  29  74  88  40,				 2 1 1 1 1 1 0 0 1 1 0 1 10
 5:  55  37  81  70  28  77  41  27   9  21,				 2 0 1 0 1 1 1 1 1 1 1 0 10
 6:  67  19   8  73  64   5  33  18  47  84,				 1 1 1 0 2 1 0 1 1 1 0 1 10
 7:  75  30  14  20  92  44  79  85  65  52,				 2 1 1 0 1 1 0 1 1 1 0 1 10
 8:  76  23  56  58  10  15  61  45  95  38,				 1 1 1 0 2 1 0 1 1 1 0 1 10
 9:  90  89  43  16  26   7  99  78  22  86,				 1 0 1 0 2 1 1 1 0 2 0 1 10
ï]âøíl:144679
time = 9667.47[ms]
cnt = 5000
01101001
 0:   4  32  79  59   6  27  96   3  50   0  36,				 1 1 1 0 1 1 0 1 1 2 1 1 11
 1:  13  43  65  16  99  58  86  82  26  29,				 2 0 1 0 2 1 0 1 1 1 0 1 10
 2:  35  98  81  70 100  88  41  87  54  78,				 1 1 1 0 2 1 1 0 0 1 1 1 10
 3:  39  63  66  56  62  72  94  30  25  85,				 2 0 1 0 1 1 1 1 1 1 0 1 10
 4:  42  34  22  40  60  83  37  28  97  80,				 2 0 1 0 1 1 0 1 1 1 1 1 10
 5:  55  21  74  12   2  71  46  77  91   9,				 1 1 1 0 1 1 0 1 1 1 1 1 10
 6:  67  47  84  19  64  33   5  73  23  18,				 1 1 1 0 2 1 0 1 1 1 0 1 10
 7:  75  57  92  48   1  14  11  20  17  53,				 2 1 1 1 1 1 0 1 1 1 0 0 10
 8:  76  49  44  61  51   7  10  68   8  45,				 1 1 1 0 2 1 1 0 1 1 0 1 10
 9:  90  52  89  38  95  31  15  24  69  93,				 2 1 1 0 1 1 0 1 1 1 0 1 10
ï]âøíl:143400
time = 9668.11[ms]
cnt = 5000
01101001
 0:   4  73  49  31  84  88  10  33  45  19,				 2 1 1 0 1 1 0 0 1 1 1 1 10
 1:  13  74  63  93   0  30  97  17  51  66,				 1 1 1 0 2 1 0 1 1 1 0 1 10
 2:  35  27   2  91  57  95  53  54  32  96,				 1 1 1 0 1 1 0 1 1 1 1 1 10
 3:  39  85  68 100  72  52  89  83  44  38,				 1 1 1 0 1 1 1 1 1 1 0 1 10
 4:  42  82  24  86  65  60  12  29  47  18,				 2 1 1 0 1 1 0 1 1 1 0 1 10
 5:  55  36  21  81  20   6  79  28  46  69,				 2 1 1 0 1 1 0 1 0 1 1 1 10
 6:  67  56  70  61  23   8  58  41  14  98  92,				 1 1 1 0 2 1 1 1 1 1 0 1 11
 7:  75  16  11  43  80  64  94   7  99  26,				 1 0 1 1 1 1 1 0 1 1 1 1 10
 8:  76   1   3  25   5  78  50  59  48  71,				 2 0 1 0 2 1 0 1 1 2 0 0 10
 9:  90  22  37  87  40  62  15  77   9  34,				 2 0 1 0 2 1 0 1 1 1 0 1 10
ï]âøíl:144753
time = 10466.5[ms]
cnt = 5000
01101001
 0:   4   3  31  12  61   2  49  83  19  72,				 1 1 1 0 1 1 1 0 1 1 1 1 10
 1:  13  21  70  27  37  41  77  74  25  78,				 1 0 1 0 2 1 1 1 1 1 0 1 10
 2:  35  98  54  91  71  44   7  53  92  32,				 1 1 1 0 1 1 1 0 1 1 1 1 10
 3:  39  34   6  52  15  68  79 100  38  85,				 2 1 1 0 1 1 0 1 1 1 0 1 10
 4:  42  62  56   8  40  88  63  66  28  87,				 2 0 1 0 2 1 0 1 1 1 0 1 10
 5:  55  97  81  23  58  18  94  46  36  60,				 2 1 1 0 1 1 0 1 0 1 1 1 10
 6:  67   5  59  50  80  57  64  33  73   9,				 2 0 1 0 1 1 0 1 1 1 1 1 10
 7:  75  11   1  29  14  43  45  17  48  84  16,				 1 1 1 1 2 1 0 1 1 2 0 0 11
 8:  76  65  93  10  24  96   0  51  95  30,				 2 1 1 0 1 1 0 1 1 1 0 1 10
 9:  90  47  89  69  22  26  86  20  82  99,				 1 1 1 0 2 1 0 1 1 1 0 1 10
ï]âøíl:143555
time = 10302[ms]
cnt = 5000
01101001
 0:   4  36   6  84  98   1  68  72   5  61,				 1 0 1 0 1 1 1 1 1 1 1 1 10
 1:  13  80  33  46  16  82  97   2  20  56,				 1 1 1 0 1 1 0 1 1 1 1 1 10
 2:  35  47  99  26  86  92  91   7  34  94,				 1 1 1 0 1 1 1 1 0 1 1 1 10
 3:  39  25  49  62  85  78  28 100  44  70,				 2 1 1 0 1 1 0 0 1 2 0 1 10
 4:  42  37  64  21  40  83  87  29  22  60,				 2 0 1 0 2 1 0 1 1 1 0 1 10
 5:  55   8  18  73  53  23  10  32  12  19,				 1 1 1 0 2 1 0 0 1 1 1 1 10
 6:  67  81  14  58  50  57  77  54   9  71  45,				 2 1 1 0 2 1 0 1 1 1 0 1 11
 7:  75  17  66  11  48  43  88  63  74  41,				 1 0 1 1 1 1 1 1 1 1 0 1 10
 8:  76  30  51  27   3   0  96  59  79  65,				 2 1 1 0 2 1 0 1 1 1 0 0 10
 9:  90  38  93  15  52  31  69  89  95  24,				 2 1 1 0 1 1 0 1 1 1 0 1 10
ï]âøíl:144142
time = 10145.8[ms]
cnt = 5000
01101001
 0:   4  57  29  89  85  33  12  82   2  87,				 2 1 1 0 1 1 0 0 1 1 1 1 10
 1:  13  43  65  86  20   7  16  26  53  99,				 2 0 1 0 2 1 1 1 0 1 0 1 10
 2:  35   5  71  78   3  48   1  59  25  91,				 2 0 1 0 2 1 0 1 1 1 1 0 10
 3:  39  62  56  36  80  28  94  96  63   0,				 1 1 1 0 1 1 0 1 1 1 1 1 10
 4:  42   6  52  15  38 100  93  79  50  81,				 1 1 1 0 1 1 0 1 1 2 0 1 10
 5:  55  32  14  61  44  58  23   8  97  70,				 1 0 1 0 2 1 0 1 1 1 1 1 10
 6:  67  18  64  72  21  84  73  46  19  31,				 1 1 1 0 1 1 1 1 1 1 0 1 10
 7:  75  98  17  68  66  54  41  69  88  74  11,				 1 1 1 1 1 1 1 1 1 1 0 1 11
 8:  76  27  60  45  49  77  95  10  24  51,				 2 1 1 0 2 1 0 0 1 1 0 1 10
 9:  90  40  37  30   9  47  34  92  22  83,				 2 1 1 0 1 1 0 1 1 1 0 1 10
ï]âøíl:143574
time = 9104.32[ms]
cnt = 5000
01101001
 0:   4  85  20  49  30  72  47  84  61  92,				 1 1 1 0 2 1 1 0 1 1 1 0 10
 1:  13  89  17  93  15  51  53  31   2  57,				 2 1 1 0 2 1 0 0 1 1 0 1 10
 2:  35  70  81  27  21   6  37  77  41   9,				 1 0 1 0 1 1 1 1 1 1 1 1 10
 3:  39  91  66  98   7  54  88  63  68  34,				 1 0 1 0 2 1 1 1 1 1 0 1 10
 4:  42  95  64   0  60  96  40  24  83  52,				 2 1 1 0 1 1 0 1 1 1 0 1 10
 5:  55   1   3  50  12   5  71  48 100  59,				 1 1 1 0 1 1 0 1 1 1 1 1 10
 6:  67  45  19  23  73   8  10  38  28  32,				 1 1 1 0 2 1 0 1 1 1 0 1 10
 7:  75  44  36  11  78  62  14  79  25  56,				 2 0 1 1 1 1 0 1 1 1 0 1 10
 8:  76  43  86  94  99  58  18  16  26  65,				 2 1 1 0 1 1 0 1 0 2 0 1 10
 9:  90  97  22  29  87  33  80  74  82  69  46,				 2 1 1 0 1 1 0 1 1 1 1 1 11
ï]âøíl:143686
time = 11188[ms]
cnt = 5000
01101001
 0:   4  28  97  74  36  63   6  93   0  96,				 1 1 1 0 1 1 0 1 1 1 1 1 10
 1:  13  24  52  89  17  15  82  69  38  80,				 1 1 1 0 1 1 0 1 1 1 1 1 10
 2:  35   1  16  26  22   3  99  11  27  45  60,				 2 1 1 1 1 1 0 0 1 1 1 1 11
 3:  39  68  98  56  91  54  66  88  23   7,				 1 0 1 0 2 1 1 1 1 1 0 1 10
 4:  42  43  18  86  41  12   9  81  53  83,				 2 1 1 0 1 1 1 1 0 1 0 1 10
 5:  55  85  51  92  94  72  30  49  61  10,				 1 1 1 0 1 1 1 0 1 1 1 1 10
 6:  67  47  84  33   5  20  79  19  73  64,				 2 0 1 0 2 1 0 1 1 1 0 1 10
 7:  75  50  31  77  65  46  29  48  62   2,				 2 1 1 0 2 1 0 1 1 1 0 0 10
 8:  76  32  14   8  58  71  59 100  57  44,				 1 1 1 0 2 1 0 1 1 1 0 1 10
 9:  90  21  37  87  40  78  25  70  95  34,				 2 0 1 0 1 1 0 1 1 2 0 1 10
ï]âøíl:142960
time = 10234.5[ms]
cnt = 5000
01101001
 0:   4  49  61  85  58  57  94   5  63  31,				 2 0 1 0 1 1 0 1 1 1 1 1 10
 1:  13  74  36  51  93   0  97  60  96  33,				 2 1 1 0 1 1 0 1 1 1 0 1 10
 2:  35  89  44  53  16  43   8   7  38   2  27,				 1 1 1 0 1 1 1 1 1 1 1 1 11
 3:  39  98  34  91  54  88  41  68  11  66,				 1 0 1 1 1 1 1 1 1 1 0 1 10
 4:  42  79   3  71   6  50  45  99  26  65,				 2 1 1 0 1 1 0 0 1 2 0 1 10
 5:  55  70  29  95  46  69  62  15  56  28,				 1 1 1 0 2 1 0 1 0 1 1 1 10
 6:  67  10  64  84  18  72  73  19  23  25,				 1 1 1 0 2 1 1 0 1 1 0 1 10
 7:  75   1  17  14  52  59  48  92  20  80,				 1 1 1 0 2 1 0 1 1 1 1 0 10
 8:  76  22  37  40  77 100  81  21  87   9,				 2 1 1 0 1 1 0 1 1 1 0 1 10
 9:  90  47  82  30  83  24  32  86  12  78,				 2 0 1 0 2 1 0 1 1 1 0 1 10
ï]âøíl:143833
time = 11260.5[ms]
cnt = 5000
01101001
 0:   4  57  85  26  20  44  92  61  78  49,				 1 1 1 0 2 1 0 0 1 1 1 1 10
 1:  13  10  74  36  30  63   0  93  51  96,				 1 1 1 0 2 1 0 1 1 1 0 1 10
 2:  35  47  34  19  79  83 100  12  71  72,				 1 1 1 0 1 1 1 0 1 1 1 1 10
 3:  39  41  16  46  54   2  56  62  68  88,				 1 1 1 0 1 1 1 1 1 1 0 1 10
 4:  42  94  99  86  18  65  58  43  29  60,				 2 1 1 0 2 1 0 1 0 1 0 1 10
 5:  55   6  77  50  28  27  81  37  21   9,				 2 0 1 0 1 1 0 1 1 1 1 1 10
 6:  67   1  17  59  66  80  11  82  53  98,				 1 0 1 1 1 1 0 1 1 1 1 1 10
 7:  75  97  32  91   8   7  14  48  70  25  23,				 2 0 1 0 2 1 1 1 1 2 0 0 11
 8:  76  52  95  38  89  24  15  31  73  45,				 2 1 1 0 1 1 0 1 1 1 0 1 10
 9:  90   5   3  64  87  22  84  33  40  69,				 2 1 1 0 1 1 0 1 1 1 0 1 10
ï]âøíl:144386
time = 10760[ms]
cnt = 5000
01101001
 0:   4  81  97  77  14  60  19  25  12  71,				 2 0 1 0 1 1 0 1 1 1 1 1 10
 1:  13  70  37  27 100  87  28  78  32  21,				 2 1 1 0 1 1 0 1 1 1 0 1 10
 2:  35  62  30  84  72  94  85  63  92  56,				 1 1 1 0 2 1 1 0 0 1 1 1 10
 3:  39  98  34  91  66  41  68  88  54  11,				 1 0 1 1 1 1 1 1 1 1 0 1 10
 4:  42  89  95  17  82  47  53  69  38  15,				 1 1 1 0 1 1 0 1 1 2 0 1 10
 5:  55  36   3   1   6  59  79  96  73   0,				 1 1 1 0 1 1 0 1 1 1 1 1 10
 6:  67  57  74  46   2  93  31  50  48  29,				 2 1 1 0 1 1 0 1 1 1 0 1 10
 7:  75  43   7  99  65  16  18  86  26  20,				 1 1 1 0 2 1 1 1 1 1 0 0 10
 8:  76  10  49  44  61  58   8  45  51  33,				 2 1 1 0 2 1 0 0 1 1 0 1 10
 9:  90  23  52  64  22  83   9  40  24  80   5,				 2 0 1 0 2 1 0 1 1 1 1 1 11
ï]âøíl:144063
time = 10161.3[ms]
cnt = 5000
01101001
 0:   4  57  59  96  53  50  71   1  58  12,				 2 0 1 0 1 1 0 1 1 1 1 1 10
 1:  13  21  81  28  27   9  70  41  20 100,				 2 1 1 0 1 1 1 0 1 1 0 1 10
 2:  35   3  89  22  86  16  69   7  26  99  11,				 1 1 1 1 1 1 1 1 0 1 1 1 11
 3:  39  47  85  46   2  31  74  78  36  83,				 1 1 1 0 2 1 0 1 1 2 0 0 10
 4:  42  48  98  40  56  54  66  92  88  29,				 1 1 1 0 2 1 0 1 1 1 0 1 10
 5:  55  91  97  32  24  60  77  82  95  23,				 2 0 1 0 2 1 0 0 1 1 1 1 10
 6:  67  64  73  18  80  43  19  33   5  84,				 1 1 1 0 1 1 0 1 1 1 1 1 10
 7:  75  62  63  17  94  30  65  14   0  25,				 2 1 1 0 1 1 0 1 1 1 0 1 10
 8:  76  49  61  44  38  45  10  68   8  72,				 1 1 1 0 1 1 1 1 1 1 0 1 10
 9:  90   6  51  93  34  79  52  87  15  37,				 2 0 1 0 2 1 0 1 1 1 0 1 10
ï]âøíl:144003
time = 10769[ms]
cnt = 5000
01101001
 0:   4  58  57  49  85  59  45  44  61  79,				 2 1 1 0 1 1 0 0 1 1 1 1 10
 1:  13  98  74  36  63  66   0  93  31  51,				 1 1 1 0 2 1 0 1 1 1 0 1 10
 2:  35  25  62  34  50  78  37  71   6  77,				 1 0 1 0 2 1 0 1 1 1 1 1 10
 3:  39  21   7  87  54  91  32  46  88   9   2,				 2 1 1 0 1 1 1 1 1 1 0 1 11
 4:  42   1  83  24  60  11  12  86   3  41,				 2 0 1 1 1 1 1 1 0 1 0 1 10
 5:  55  81  26  94  70  27  47  69  99  28,				 2 1 1 0 1 1 0 0 1 1 1 1 10
 6:  67  73  64  18  84  19  80  43   5  33,				 1 1 1 0 1 1 0 1 1 1 1 1 10
 7:  75  10  17  92  65  14  16  29  48  20,				 1 1 1 0 2 1 0 1 1 2 0 0 10
 8:  76  52  68 100  82  15  95  72  89  38,				 1 1 1 0 1 1 1 1 1 1 0 1 10
 9:  90  97   8  56  40  23  30  22  96  53,				 2 0 1 0 2 1 0 1 1 1 0 1 10
ï]âøíl:144308
time = 10888.3[ms]
cnt = 5000
01101001
 0:   4  12  71  59   3  14  58   1  91   2,				 1 1 1 0 1 1 0 1 1 1 1 1 10
 1:  13  57  96  24  69  32  82  29  11  17,				 1 1 1 1 1 1 0 1 1 1 0 1 10
 2:  35  47  92  26  86  16  78  89  20  85,				 1 1 1 0 2 1 0 1 0 2 1 0 10
 3:  39  53  62  51  46  94  65  31  36   0,				 2 1 1 0 1 1 0 1 1 1 0 1 10
 4:  42  44   8  45  49  10  48   7  61  23,				 1 1 1 0 2 1 1 0 1 1 0 1 10
 5:  55  28  41  27  38  95  77  21  74  70   9,				 2 0 1 0 1 1 1 1 1 1 1 1 11
 6:  67  73  18  64  80  19  33  43   5  84,				 1 1 1 0 1 1 0 1 1 1 1 1 10
 7:  75  52  79 100   6  50  15  72  25  81,				 2 1 1 0 1 1 1 0 1 1 0 1 10
 8:  76  30  98  66  63  88  54  56  68  93,				 2 0 1 0 2 1 0 1 1 1 0 1 10
 9:  90  40  34  37  60  99  87  83  97  22,				 2 0 1 0 2 1 0 1 1 1 0 1 10
ï]âøíl:143795
time = 9392.18[ms]
cnt = 5000
01101001
 0:   4  52   1  17  78  82  66  24  12  25  11,				 2 0 1 1 1 1 0 1 1 1 1 1 11
 1:  13  60   3  83  86   0  93   9  36  65,				 2 1 1 0 1 1 0 1 1 1 0 1 10
 2:  35  87  62  32  19  88  27  29   2  37,				 1 1 1 0 1 1 0 1 1 1 1 1 10
 3:  39  21  81  70  28  15  41  69  38   6,				 1 1 1 0 1 1 1 1 1 1 0 1 10
 4:  42  89  77  18  43  63  31  95  73  53,				 2 1 1 0 2 1 0 0 1 1 0 1 10
 5:  55  57  64  50  58  71  94  59  48   5,				 2 0 1 0 1 1 0 1 1 1 1 1 10
 6:  67  56  54  68  91 100  98   7  79  46,				 2 1 1 0 1 1 1 1 0 1 0 1 10
 7:  75  92  84  30  85  72  14  34  20  47,				 1 1 1 0 2 1 1 1 1 1 0 0 10
 8:  76  61  44  45  33  51  49  10   8  16,				 1 1 1 0 2 1 0 0 1 2 0 1 10
 9:  90  80  22  99  74  97  40  23  26  96,				 1 0 1 0 2 1 0 1 1 1 1 1 10
ï]âøíl:143579
time = 11313.9[ms]
cnt = 5000
01101001
 0:   4   6  27  28  36  32   3  78  96  79,				 2 0 1 0 1 1 0 1 1 1 1 1 10
 1:  13  17  65  86  18  24  63  43  30  84,				 2 1 1 0 2 1 0 1 0 1 0 1 10
 2:  35  33  34  19  12  10  83  73  92  41,				 1 1 1 0 1 1 1 0 1 1 1 1 10
 3:  39  52  23  94   7  48  64  91  11   5,				 1 0 1 1 1 1 1 1 1 1 0 1 10
 4:  42  88  74  40  97  37  60  87  51   0,				 2 1 1 0 1 1 0 1 1 1 0 1 10
 5:  55  21  89  16  20  85  46  61  68   2,				 1 1 1 0 1 1 0 1 1 2 1 0 10
 6:  67  57  58  81  71   9  59  50  14  77  45,				 2 1 1 0 2 1 0 1 1 1 0 1 11
 7:  75  62   8  38  44  72  25  70  49 100,				 1 1 1 0 1 1 1 1 1 1 0 1 10
 8:  76  66  98  54  15  93  31  95  56  53,				 2 0 1 0 2 1 0 1 1 1 0 1 10
 9:  90  47  26  69  99  29  82   1  80  22,				 1 1 1 0 2 1 0 0 1 1 1 1 10
ï]âøíl:143688
time = 10763.5[ms]
cnt = 5000
01101001
 0:   4  22  40  74  36  77  96  60  97  33,				 2 0 1 0 1 1 0 1 1 1 1 1 10
 1:  13  29  17  65  46  69  80  57  82  24,				 1 1 1 0 1 1 0 1 1 1 1 1 10
 2:  35  37  49  70  78  44  61  41  62  11  25,				 1 0 1 1 1 1 1 1 1 1 1 1 11
 3:  39   2  66  91  88  54  98  56  63  68,				 1 1 1 0 2 1 0 1 1 1 0 1 10
 4:  42   1  53  59  58  71   0  51  12   3,				 2 1 1 0 2 1 0 0 1 1 0 1 10
 5:  55   7  94  16  26  43  99  64  18  86,				 1 1 1 0 1 1 1 1 0 1 1 1 10
 6:  67  23  32   8  45  73  10  19  87  28,				 2 1 1 0 2 1 0 0 1 1 0 1 10
 7:  75  72  47  34  85  92  30  20  14  84,				 1 1 1 0 2 1 1 1 1 1 0 0 10
 8:  76 100  48  95  93  38  31  21  89  15,				 2 1 1 0 1 1 0 1 1 1 0 1 10
 9:  90  50  79   9   6   5  81  83  52  27,				 2 0 1 0 1 1 0 1 1 2 0 1 10
ï]âøíl:143951
time = 11200.2[ms]
cnt = 5000
01101001
 0:   4  70  21  81  28  69  40  37  87  78,				 2 1 1 0 1 1 0 1 1 1 1 0 10
 1:  13  89  16  20  86   7  26  97  99  25,				 2 0 1 0 2 1 1 1 0 1 0 1 10
 2:  35  79   6  38  52  34  15  36  93  92,				 1 1 1 0 1 1 0 1 1 1 1 1 10
 3:  39  85  30  94  66  63  68  56  62  72,				 2 0 1 0 1 1 1 1 1 1 0 1 10
 4:  42  98  83   1  82  22  11  41  60 100,				 1 1 1 1 1 1 1 0 1 1 0 1 10
 5:  55  57  95  27  31  50  74  77  29   2,				 1 1 1 0 2 1 0 0 1 1 1 1 10
 6:  67  84  80  18  43  33  19  73  64  46,				 1 1 1 0 1 1 0 1 1 1 1 1 10
 7:  75  88  53  47  65  59  96  17   0  24  23,				 2 1 1 0 2 1 0 1 1 1 0 1 11
 8:  76  49  10   8  48  14  61  51  45  44,				 1 1 1 0 2 1 0 1 1 1 0 1 10
 9:  90   3  32  12  91  58  71   5   9  54,				 2 0 1 0 1 1 0 1 1 2 0 1 10
ï]âøíl:143898
time = 9968.78[ms]
cnt = 5000
01101001
 0:   4  52  89  17  24  82  20  68  69  38,				 2 1 1 0 1 1 0 1 1 1 1 0 10
 1:  13  43  65  16  86  99   7   2  61  26,				 1 1 1 0 1 1 1 1 1 1 0 1 10
 2:  35  62  56  85  92  30  66  63  94  72,				 1 1 1 0 1 1 1 1 0 1 1 1 10
 3:  39  49  31  78  54  70  10  25  95  11  45,				 2 1 1 1 2 1 0 0 1 1 0 1 11
 4:  42  40  77  22  74  97  60  96  29  87,				 2 0 1 0 2 1 0 1 1 1 0 1 10
 5:  55  50  93  81   6  79  28  36  15  21,				 2 0 1 0 1 1 0 0 1 2 1 1 10
 6:  67  64  19   5  84  80  73  18  98  33,				 1 1 1 0 1 1 0 1 1 1 1 1 10
 7:  75   8  44  14  91  58  57  53  32  23,				 2 0 1 0 2 1 0 1 1 1 0 1 10
 8:  76   3   1  48  59  71  12  46  51   0,				 1 1 1 0 2 1 0 1 1 1 0 1 10
 9:  90  88  34  37 100  83  27  41  47   9,				 1 1 1 0 1 1 1 1 1 1 0 1 10
ï]âøíl:143686
time = 10420[ms]
cnt = 5000
relation_ave:144212
penalty_ave:0
ave_balance_ave:-357.717
sum_balance_ave:0
group_num_ave:10
eval_ave:143854
time_ave:10338[ms]
