17 6 21 22 17 24 5 9 23 10 
25 24 21 14 10 23 21 19 15 14 
6 12 7 19 18 6 24 23 16 24 
14 24 5 7 13 13 13 7 20 13 
16 14 20 5 14 9 21 5 19 18 
12 22 16 20 18 17 11 8 23 11 
19 11 9 19 6 18 18 16 8 13 
19 10 14 5 6 21 12 17 15 24 
5 25 22 20 11 10 24 21 24 22 
16 12 12 7 9 15 22 15 25 7 
23 20 9 12 12 15 20 15 25 12 
16 17 8 8 20 18 21 12 5 17 
15 18 14 13 15 14 16 21 13 23 
22 22 17 18 12 15 18 24 14 12 
19 11 22 16 18 11 8 15 12 15 
10 15 9 9 18 24 25 6 25 5 
25 20 17 23 11 20 7 7 5 5 
7 20 8 16 7 24 19 11 11 16 
24 21 12 16 9 16 11 5 23 20 
9 12 15 9 25 20 12 13 24 22 
7 5 24 25 13 23 18 10 18 18 
24 5 19 8 9 25 5 16 7 12 
22 25 6 13 10 9 15 19 17 20 
23 15 8 16 9 21 7 9 10 12 
10 24 16 6 15 21 12 22 25 9 
25 17 14 8 10 13 5 8 21 5 
21 7 14 5 19 9 23 21 13 7 
16 21 23 18 15 24 16 17 19 6 
13 11 14 12 15 12 12 7 18 25 
17 12 23 5 14 8 5 8 6 6 
9 24 5 12 25 14 8 25 8 7 
6 16 21 16 6 21 24 23 9 13 
16 12 17 12 12 16 25 20 21 7 
23 5 25 25 21 25 10 8 18 23 
11 9 13 5 9 20 13 14 5 21 
22 11 23 24 10 23 24 16 12 21 
14 14 23 23 18 8 22 5 8 18 
22 7 12 23 20 16 20 16 7 8 
5 14 20 25 13 20 12 5 19 23 
14 9 19 22 17 10 16 10 24 7 
9 13 16 17 17 5 18 17 7 11 
19 7 15 17 21 16 9 6 9 9 
24 25 22 21 15 11 21 18 22 15 
16 12 19 24 9 20 17 9 7 19 
6 6 18 16 22 10 19 19 9 9 
21 10 7 7 11 11 6 9 10 13 
19 7 5 17 14 21 21 11 14 22 
11 15 20 9 14 15 12 18 24 24 
22 13 19 13 13 12 6 23 22 18 
22 22 9 24 16 12 9 14 24 14 
19 6 23 22 12 21 24 24 15 11 
24 10 14 25 5 10 10 13 16 15 
12 5 14 25 14 19 8 20 11 15 
20 21 11 23 18 18 13 10 19 18 
15 5 20 12 24 10 13 22 18 22 
17 16 15 12 9 25 13 19 18 13 
21 16 25 8 19 23 23 6 16 17 
17 13 17 24 14 16 25 15 8 14 
25 5 12 14 9 8 8 18 6 11 
19 23 13 8 24 25 22 15 8 11 
25 21 21 21 24 16 23 24 18 16 
18 21 17 20 23 21 23 16 18 18 
15 15 24 22 22 19 19 15 18 19 
16 23 17 15 19 22 18 25 19 18 
18 23 24 23 18 16 19 16 18 18 
25 22 15 24 16 16 19 15 24 24 
19 20 22 25 23 17 21 20 22 24 
18 22 24 22 18 23 24 20 19 23 
25 21 20 18 22 25 22 22 25 25 
23 24 18 16 24 16 16 18 15 16 
19 20 21 23 25 18 17 21 16 20 
25 19 23 24 16 22 25 19 23 22 
19 23 19 20 23 15 24 21 17 25 
21 24 24 21 21 25 17 19 16 16 
24 23 23 15 17 20 23 17 18 20 
16 23 22 21 18 15 17 17 22 18 
18 22 22 17 19 18 20 17 21 19 
23 22 21 20 17 23 25 22 18 24 
18 15 16 24 25 22 25 25 21 24 
17 18 18 22 17 16 22 17 18 25 
25 20 21 24 18 17 17 20 20 22 
20 19 22 25 23 17 24 25 18 23 
24 20 25 16 24 16 17 15 16 23 
21 24 22 17 18 24 17 17 24 24 
17 22 17 18 24 24 23 20 17 18 
19 20 25 20 23 16 23 16 22 24 
24 20 22 25 23 17 16 23 24 16 
25 20 22 18 15 23 17 20 18 21 
17 20 24 24 19 19 19 23 22 17 
19 17 22 24 18 23 19 22 18 22 
19 20 25 24 24 15 23 23 24 22 
25 24 20 22 19 17 24 15 23 16 
20 18 16 19 19 24 17 21 23 15 
17 19 19 20 24 19 25 24 25 17 
21 22 23 15 24 24 18 21 20 19 
20 17 20 20 24 24 19 23 23 23 
20 21 18 17 15 24 18 19 18 15 
17 17 23 19 21 16 16 24 22 19 
19 19 23 16 21 22 17 17 21 22 
25 17 19 23 24 16 17 24 18 22 
25 22 19 15 24 18 24 25 24 23 
19 22 21 22 19 23 23 18 17 23 
23 18 17 22 23 23 17 24 15 16 
24 22 22 24 24 20 19 21 25 20 
20 20 15 15 21 16 15 20 23 22 
16 17 16 16 23 25 23 18 16 24 
21 19 23 20 24 23 22 22 22 20 
24 15 24 17 22 17 17 15 24 20 
17 15 17 21 18 18 23 16 18 23 
15 19 22 24 19 23 21 18 21 16 
17 23 23 24 24 24 15 23 16 24 
19 22 18 24 15 19 19 24 24 17 
15 24 24 24 17 22 18 25 22 22 
21 23 16 25 17 19 22 20 18 17 
25 17 20 19 25 19 23 20 25 19 
16 21 25 24 17 18 16 21 23 25 
21 25 19 25 24 21 16 17 23 16 
20 23 17 16 16 21 22 15 18 16 
24 20 22 22 19 22 16 24 16 19 
22 19 21 19 21 17 21 21 22 16 
