1
1
1
1
1
1
1
1
1
1
1
1
1
1
1
1
1
1
1
1
1
1
1
1
1
1
1
1
1
1
1
1
1
1
1
1
1
1
1
1
1
1
1
1
1
1
1
1
1
1
1
1
1
1
1
1
1
1
1
1
1
1
1
1
1
1
1
1
1
1
1
1
1
1
1
1
1
1
1
1
1
1
1
1
1
1
1
1
1
1
1
1
1
1
1
1
1
1
1
1
1
1
1
1
1
1
1
1
1
1
1
1
1
1
1
1
1
1
1
1
0 87 24 0 12 9 6 33 2 29 77 70 13 80 68 32 82 46 24 65 45 47 45 99 74 22 78 7 32 39 34 32 47 40 97 29 17 20 11 92 11 31 57 14 52 35 29 88 73 64 21 21 60 64 72 14 44 46 11 58 43 28 14 69 0 11 7 33 25 75 86 58 38 78 79 63 64 97 4 44 15 98 1 87 80 24 49 48 86 32 62 80 50 4 95 60 18 72 66 94 14 19 4 84 42 85 50 19 92 5 77 68 83 42 34 21 100 42 85 81 
87 0 70 23 57 63 58 24 61 21 51 46 89 2 77 79 10 54 63 99 59 92 72 8 82 96 49 62 74 83 39 89 79 70 87 51 42 68 21 40 100 71 23 68 68 2 22 26 24 85 26 57 85 62 5 20 28 45 52 83 67 88 67 5 100 82 94 44 26 14 59 65 13 30 34 96 98 22 42 21 3 18 43 19 93 59 32 100 37 9 18 34 34 28 48 4 31 22 87 60 52 2 67 51 31 19 73 9 64 84 18 77 51 52 77 50 53 12 67 43 
24 70 0 57 51 81 93 17 54 73 61 32 42 68 7 36 96 26 67 4 100 23 70 17 38 11 69 76 20 76 52 88 46 54 89 86 10 57 11 31 97 2 69 66 76 96 58 69 19 83 48 46 63 91 15 87 90 19 4 100 47 69 47 27 54 81 67 80 87 53 94 75 93 66 85 5 58 96 53 12 13 39 90 70 7 43 94 7 2 45 33 46 24 93 38 38 45 70 69 40 95 1 8 90 28 5 68 46 34 30 58 29 96 30 70 10 31 2 39 13 
0 23 57 0 90 47 50 49 17 20 89 94 77 73 53 98 60 85 48 43 38 8 80 94 86 54 54 42 59 76 20 31 36 34 1 26 71 56 44 72 73 54 52 41 52 3 7 33 29 26 5 86 25 21 70 26 16 60 72 26 2 76 60 85 92 70 34 31 65 67 100 86 79 44 76 51 71 5 19 83 80 8 90 3 79 80 97 31 83 49 97 61 66 66 9 25 33 72 97 45 80 18 49 16 96 80 68 32 51 34 28 51 9 41 87 47 33 26 32 79 
12 57 51 90 0 57 27 54 14 61 96 68 13 99 26 73 91 59 33 75 54 79 76 95 91 67 23 25 5 71 44 32 87 70 3 1 44 70 18 23 59 16 77 3 70 23 79 61 44 36 40 65 0 67 22 45 20 93 17 29 74 69 1 67 79 18 10 74 29 75 41 8 87 11 97 10 49 41 67 87 95 46 75 85 47 60 71 32 75 87 79 15 73 51 95 92 52 71 30 15 69 31 69 97 48 52 49 38 4 84 26 0 79 42 81 97 17 1 78 13 
9 63 81 47 57 0 38 62 28 51 24 53 20 49 82 98 83 4 31 18 87 11 96 15 42 60 99 78 64 71 30 67 30 71 75 14 56 23 39 96 28 85 39 34 3 34 43 8 21 67 40 90 65 89 19 29 59 49 46 46 97 7 98 98 41 39 69 71 48 35 64 41 100 74 57 83 38 33 91 6 89 77 58 56 29 38 16 82 54 88 62 68 4 76 75 16 46 73 38 22 6 49 18 100 47 71 93 57 29 54 47 100 45 10 24 54 47 34 91 10 
6 58 93 50 27 38 0 41 84 43 16 2 82 50 82 32 8 59 67 31 48 19 55 15 40 96 44 81 55 15 5 26 65 21 37 78 31 13 14 86 95 97 19 63 62 81 28 60 92 10 28 13 27 31 92 33 40 51 58 93 3 41 99 75 33 57 50 40 33 86 43 8 92 19 60 63 80 63 68 83 34 21 80 3 8 38 87 1 100 100 36 74 85 59 64 91 37 84 95 39 49 93 19 47 83 5 39 48 44 60 83 20 35 36 25 13 69 59 87 48 
33 24 17 49 54 62 41 0 60 31 26 63 89 60 98 39 22 27 14 50 52 63 28 48 25 1 42 45 54 60 57 62 1 92 9 54 15 57 12 30 80 22 72 24 76 73 60 32 81 90 32 26 83 81 41 55 63 51 35 63 21 90 33 54 37 86 86 68 49 76 92 31 1 91 70 57 83 98 61 0 58 61 76 27 15 75 83 60 12 89 63 18 52 22 4 26 64 15 89 24 39 24 90 67 18 57 13 50 48 98 33 83 61 66 31 3 82 26 86 45 
2 61 54 17 14 28 84 60 0 7 94 44 36 9 80 68 94 49 44 95 83 45 49 58 59 32 89 2 10 70 27 48 91 55 96 34 77 18 51 29 5 33 61 7 46 37 93 78 65 97 10 50 56 26 8 18 22 49 50 26 74 23 64 9 72 58 34 64 6 100 0 1 4 14 22 16 58 92 24 59 35 73 52 25 67 94 17 31 10 29 38 0 54 9 10 52 6 82 7 19 74 4 6 38 95 21 61 71 61 73 15 29 69 32 19 97 76 16 98 6 
29 21 73 20 61 51 43 31 7 0 12 47 60 26 8 58 86 7 67 14 92 15 70 27 11 91 33 39 7 31 4 28 25 67 17 11 0 97 100 40 72 54 73 27 85 78 76 99 6 83 90 16 7 62 23 61 40 1 90 83 94 58 2 92 64 34 17 97 92 87 2 24 54 15 67 3 86 50 32 23 75 5 33 87 12 8 2 55 22 76 93 77 20 65 87 92 91 6 25 44 95 28 46 20 22 0 96 81 10 87 78 82 34 18 47 44 14 98 22 44 
77 51 61 89 96 24 16 26 94 12 0 60 60 64 80 86 56 79 96 92 19 0 21 19 51 76 11 24 45 1 52 48 19 87 93 54 0 65 75 8 82 60 25 49 87 87 40 31 51 53 27 71 3 87 95 4 47 68 89 92 30 75 92 59 42 17 66 59 70 11 3 37 86 75 29 34 55 66 2 37 86 82 12 46 50 21 71 98 33 13 85 87 93 45 26 64 100 77 39 86 58 93 60 47 62 5 14 27 47 25 66 11 71 97 39 85 11 26 24 35 
70 46 32 94 68 53 2 63 44 47 60 0 63 26 48 0 2 62 94 95 11 54 51 41 54 4 64 65 1 35 17 94 12 59 37 61 90 6 76 32 70 71 68 52 18 59 47 74 92 95 37 10 78 45 70 2 57 28 80 98 59 33 63 63 52 87 4 87 95 69 2 95 20 81 19 65 86 75 33 76 84 58 25 41 86 5 55 5 70 96 88 27 69 3 99 40 42 98 90 58 69 46 33 83 8 15 4 43 61 22 48 67 13 56 44 53 32 24 42 20 
13 89 42 77 13 20 82 89 36 60 60 63 0 92 27 21 28 86 75 10 81 59 34 74 85 88 39 60 86 82 66 97 99 56 76 19 56 77 79 1 21 48 72 63 40 26 0 57 42 4 91 46 29 68 24 27 35 17 91 41 68 43 46 50 11 62 7 22 7 99 55 54 88 34 63 81 53 90 13 7 41 74 45 43 23 20 27 73 40 37 25 87 27 72 75 77 91 80 83 89 12 77 64 1 86 4 18 71 46 63 61 91 88 62 61 63 92 16 25 27 
80 2 68 73 99 49 50 60 9 26 64 26 92 0 61 78 48 23 45 45 55 14 68 43 37 52 39 69 92 73 90 69 91 11 7 40 27 11 16 76 98 6 86 99 23 46 93 72 99 9 100 75 69 73 17 1 69 26 75 55 55 19 64 64 9 51 59 32 0 51 68 67 45 91 5 60 6 38 75 60 18 51 98 31 40 36 18 45 37 88 33 10 99 88 39 80 65 92 42 60 32 26 61 95 47 79 29 38 32 84 4 42 72 81 75 14 52 77 74 0 
68 77 7 53 26 82 82 98 80 8 80 48 27 61 0 93 38 67 27 95 77 12 81 8 76 45 35 47 74 69 5 72 40 98 91 75 67 87 48 63 50 53 31 58 97 5 52 70 29 52 4 50 3 16 43 84 63 23 68 77 91 9 72 50 60 35 32 10 35 49 22 17 16 21 98 45 71 3 2 81 20 80 89 49 87 12 60 62 70 36 21 4 65 39 79 93 15 0 79 59 1 4 96 38 33 45 47 74 61 18 73 36 67 89 55 68 72 82 66 85 
32 79 36 98 73 98 32 39 68 58 86 0 21 78 93 0 0 64 5 91 45 18 36 41 97 33 51 62 22 41 38 35 19 38 28 15 94 13 64 72 71 31 0 26 12 5 83 53 16 50 7 93 14 96 41 32 99 33 95 74 76 85 57 77 17 88 6 76 8 18 79 31 40 80 76 81 82 84 3 35 16 90 26 60 45 51 1 28 57 35 54 9 78 38 89 93 36 80 28 27 35 15 5 18 37 81 4 49 87 40 19 69 94 36 57 44 33 60 1 96 
82 10 96 60 91 83 8 22 94 86 56 2 28 48 38 0 0 88 14 23 60 41 9 96 32 14 11 10 72 51 59 37 54 64 31 99 47 3 25 81 23 16 99 33 4 62 22 36 14 34 89 32 24 0 96 56 7 0 1 8 62 87 94 5 82 78 44 64 21 85 86 44 29 29 15 21 83 92 40 83 3 28 90 31 61 52 17 30 86 94 55 99 49 52 70 32 22 5 76 41 29 93 20 55 93 95 15 14 75 12 98 80 76 77 88 44 39 49 45 12 
46 54 26 85 59 4 59 27 49 7 79 62 86 23 67 64 88 0 37 29 100 3 17 50 29 18 47 63 61 27 51 61 39 37 45 52 73 1 40 77 18 72 12 40 93 30 52 52 36 31 70 21 58 11 55 98 89 50 28 60 21 70 3 91 78 23 48 77 62 38 8 45 26 26 99 72 8 36 61 42 2 41 80 56 46 92 70 9 85 52 39 83 50 14 68 72 47 4 97 34 85 34 57 70 55 93 4 67 61 66 30 77 27 47 91 44 31 79 10 58 
24 63 67 48 33 31 67 14 44 67 96 94 75 45 27 5 14 37 0 27 14 68 40 22 82 82 41 39 35 13 57 95 33 13 87 88 57 41 58 77 31 69 74 64 100 76 14 44 14 66 55 9 72 18 2 32 36 100 94 30 35 39 91 26 9 6 93 51 10 90 44 9 94 58 53 99 18 4 76 98 62 5 13 25 22 17 76 12 18 2 72 79 12 83 93 59 66 70 82 71 8 26 30 14 94 47 29 91 89 66 82 10 78 66 100 11 96 12 46 8 
65 99 4 43 75 18 31 50 95 14 92 95 10 45 95 91 23 29 27 0 65 99 100 58 77 100 70 79 72 55 40 43 53 76 5 99 19 75 92 73 51 22 66 17 23 99 31 30 63 8 49 55 64 41 100 66 85 96 62 47 76 36 12 78 23 12 31 92 9 95 78 64 96 5 46 80 25 15 60 77 73 31 76 90 96 72 92 22 68 30 39 96 87 63 2 14 64 59 33 23 93 88 32 11 53 37 31 77 56 90 41 64 38 25 42 33 6 48 61 5 
45 59 100 38 54 87 48 52 83 92 19 11 81 55 77 45 60 100 14 65 0 91 39 40 69 99 64 28 15 30 3 73 25 64 10 85 82 53 35 35 73 88 43 87 24 69 13 58 25 39 96 59 31 64 26 92 85 23 97 47 67 43 73 14 99 93 0 19 35 54 40 83 28 0 4 67 59 60 94 61 12 25 9 63 19 25 6 36 84 20 87 88 82 15 73 14 78 34 54 39 28 60 20 1 52 2 47 97 11 66 94 87 91 70 19 32 60 26 23 11 
47 92 23 8 79 11 19 63 45 15 0 54 59 14 12 18 41 3 68 99 91 0 93 77 82 98 89 45 66 74 63 45 21 33 63 23 40 1 30 26 25 42 8 58 31 28 11 65 32 32 73 32 80 60 67 84 21 61 78 18 91 1 76 28 9 90 27 59 2 1 37 86 73 82 35 88 97 40 29 95 38 87 64 94 70 1 38 97 26 29 42 9 29 14 51 88 38 44 18 11 58 50 42 65 49 1 78 65 81 28 89 36 95 56 71 63 6 4 52 21 
45 72 70 80 76 96 55 28 49 70 21 51 34 68 81 36 9 17 40 100 39 93 0 69 59 5 89 31 20 91 79 35 28 56 39 82 92 45 33 22 98 24 52 19 51 51 19 44 15 16 51 41 68 16 22 97 60 12 5 96 98 46 1 49 100 50 80 91 29 5 37 71 42 45 31 16 10 57 14 76 3 38 19 4 60 45 19 38 20 1 62 77 24 4 80 74 100 49 68 26 61 89 6 45 54 89 87 82 79 65 41 48 50 35 25 24 55 44 5 22 
99 8 17 94 95 15 15 48 58 27 19 41 74 43 8 41 96 50 22 58 40 77 69 0 70 47 77 48 38 31 32 52 26 20 29 69 80 25 77 60 96 96 99 59 57 90 52 59 21 23 99 15 88 90 30 91 58 50 66 17 45 13 90 21 2 66 73 36 49 34 21 98 14 26 89 54 66 58 24 15 12 3 34 88 85 15 20 51 73 54 9 36 99 32 33 88 96 80 12 63 50 73 3 94 79 76 32 60 0 52 27 10 45 38 48 24 77 62 50 52 
74 82 38 86 91 42 40 25 59 11 51 54 85 37 76 97 32 29 82 77 69 82 59 70 0 63 62 14 67 55 38 16 20 22 73 24 1 54 13 45 18 81 62 96 55 90 43 75 68 59 47 95 78 81 32 70 8 49 59 19 35 99 48 5 86 84 35 7 17 45 79 30 49 79 7 10 78 8 19 76 63 1 8 66 71 38 82 54 42 29 46 100 78 40 46 10 74 12 99 2 50 70 36 74 1 67 99 98 69 6 25 74 8 79 73 27 42 51 5 81 
22 96 11 54 67 60 96 1 32 91 76 4 88 52 45 33 14 18 82 100 99 98 5 47 63 0 38 5 49 76 75 65 45 92 87 83 42 88 86 23 87 54 20 88 24 71 70 17 66 18 18 5 26 2 79 45 64 53 61 10 66 33 78 76 13 27 60 39 65 96 23 79 83 45 61 69 5 50 57 83 95 94 36 86 26 50 76 61 41 28 37 55 87 3 56 52 68 28 74 10 57 8 13 79 98 9 60 2 66 54 82 98 63 78 76 17 23 42 56 72 
78 49 69 54 23 99 44 42 89 33 11 64 39 39 35 51 11 47 41 70 64 89 89 77 62 38 0 76 47 42 67 61 21 0 11 25 41 67 87 55 47 70 37 99 61 12 90 59 42 25 25 80 88 55 4 51 22 91 1 20 80 51 28 0 53 89 46 89 63 11 7 46 27 12 34 3 83 48 48 70 64 1 45 46 28 83 87 5 94 36 59 39 66 91 99 24 92 35 71 28 20 48 16 67 10 11 90 40 57 96 61 8 59 50 63 91 57 70 43 27 
7 62 76 42 25 78 81 45 2 39 24 65 60 69 47 62 10 63 39 79 28 45 31 48 14 5 76 0 29 47 83 72 2 26 3 79 59 64 33 32 53 89 25 18 3 4 69 53 44 46 55 13 29 95 91 7 56 19 89 4 17 64 98 5 35 81 9 0 47 45 48 9 61 10 84 96 75 16 29 84 4 1 82 37 65 67 55 16 49 16 30 45 14 46 13 1 57 55 64 16 57 8 54 38 29 16 46 19 43 76 59 99 44 20 34 52 11 32 39 38 
32 74 20 59 5 64 55 54 10 7 45 1 86 92 74 22 72 61 35 72 15 66 20 38 67 49 47 29 0 58 29 26 68 35 88 42 4 40 14 59 87 48 65 27 98 77 24 55 36 35 10 32 22 30 46 58 40 16 76 94 60 46 72 71 66 68 35 80 78 20 43 84 55 23 34 54 43 19 48 52 53 9 67 60 81 34 79 7 86 54 21 70 34 25 83 46 59 6 24 17 7 37 33 44 44 14 71 92 64 18 88 70 83 75 10 8 58 71 15 58 
39 83 76 76 71 71 15 60 70 31 1 35 82 73 69 41 51 27 13 55 30 74 91 31 55 76 42 47 58 0 40 30 49 98 48 50 99 64 42 50 19 43 47 33 5 65 82 12 48 57 21 55 62 91 50 50 84 27 91 42 40 28 42 70 46 53 32 18 1 52 63 86 74 43 23 36 96 66 80 91 93 64 36 45 58 75 13 12 11 42 46 71 84 66 47 8 19 96 80 83 10 81 96 33 22 30 8 3 82 42 81 11 84 64 52 14 97 68 42 63 
34 39 52 20 44 30 5 57 27 4 52 17 66 90 5 38 59 51 57 40 3 63 79 32 38 75 67 83 29 40 0 32 52 70 76 27 32 21 39 43 69 62 5 65 12 5 53 97 26 77 25 70 96 81 28 100 31 84 59 0 38 10 37 5 30 42 26 83 94 57 63 68 35 93 23 62 95 51 68 8 20 37 38 87 1 57 61 62 81 76 14 20 26 86 35 16 59 24 86 81 40 6 22 32 8 59 22 49 57 3 19 48 37 25 42 98 90 75 7 33 
32 89 88 31 32 67 26 62 48 28 48 94 97 69 72 35 37 61 95 43 73 45 35 52 16 65 61 72 26 30 32 0 67 49 28 31 29 25 37 53 74 60 63 100 78 29 53 34 51 91 92 99 8 37 75 61 84 76 29 39 67 33 27 38 92 13 30 82 90 10 96 52 32 41 82 4 54 55 31 40 4 6 53 87 93 40 72 34 46 17 80 1 75 82 65 41 7 46 40 52 89 13 88 81 66 67 62 97 78 98 58 53 22 96 32 32 40 66 34 59 
47 79 46 36 87 30 65 1 91 25 19 12 99 91 40 19 54 39 33 53 25 21 28 26 20 45 21 2 68 49 52 67 0 17 14 0 61 39 20 36 11 42 1 79 93 87 35 35 52 59 56 48 65 51 85 62 14 90 0 44 58 88 30 67 36 22 95 69 64 43 26 63 57 89 47 41 77 53 88 95 10 69 97 26 56 57 71 38 8 61 88 87 39 94 52 24 100 34 63 83 94 97 72 34 93 67 0 18 66 18 98 77 23 8 44 43 12 60 94 16 
40 70 54 34 70 71 21 92 55 67 87 59 56 11 98 38 64 37 13 76 64 33 56 20 22 92 0 26 35 98 70 49 17 0 26 40 1 7 34 79 44 89 11 86 66 80 22 92 35 11 89 40 62 68 85 46 66 32 35 11 23 17 22 27 24 18 62 50 46 92 16 32 8 90 29 47 9 38 10 21 32 69 91 48 11 78 81 30 47 10 97 87 45 26 6 34 55 54 42 14 85 43 10 24 54 25 0 55 23 7 27 31 39 40 80 74 38 40 94 13 
97 87 89 1 3 75 37 9 96 17 93 37 76 7 91 28 31 45 87 5 10 63 39 29 73 87 11 3 88 48 76 28 14 26 0 9 71 29 88 61 9 59 85 14 0 20 83 69 32 32 99 80 37 47 79 15 52 51 45 43 65 37 97 97 81 71 58 30 49 83 5 36 82 84 52 87 61 5 52 47 94 6 39 48 48 16 80 6 63 24 74 16 77 48 95 29 43 98 72 88 63 81 9 53 38 10 1 58 32 78 51 32 93 38 100 61 18 51 27 56 
29 51 86 26 1 14 78 54 34 11 54 61 19 40 75 15 99 52 88 99 85 23 82 69 24 83 25 79 42 50 27 31 0 40 9 0 80 85 25 8 60 87 59 86 19 39 58 34 80 46 85 37 59 61 67 69 18 56 60 33 86 49 28 89 98 64 45 62 80 24 64 42 41 97 35 8 4 25 57 97 57 14 77 85 44 41 10 28 31 72 64 26 63 93 86 5 37 31 56 28 49 23 77 84 93 55 19 10 63 59 30 54 5 7 67 4 11 61 28 59 
17 42 10 71 44 56 31 15 77 0 0 90 56 27 67 94 47 73 57 19 82 40 92 80 1 42 41 59 4 99 32 29 61 1 71 80 0 90 68 96 65 35 57 0 7 53 48 16 28 48 6 45 22 31 33 86 88 91 90 17 45 32 7 90 63 100 44 17 81 9 36 93 62 31 60 13 68 89 56 47 46 26 8 100 56 25 8 89 95 50 12 33 52 37 76 80 16 23 63 82 25 1 80 69 14 70 34 59 87 32 43 58 8 73 70 76 20 70 71 45 
20 68 57 56 70 23 13 57 18 97 65 6 77 11 87 13 3 1 41 75 53 1 45 25 54 88 67 64 40 64 21 25 39 7 29 85 90 0 14 68 69 25 20 93 98 99 76 71 3 66 41 81 46 36 29 79 23 39 96 18 25 39 29 2 38 91 54 76 14 16 0 77 73 90 9 63 0 20 87 28 77 68 15 88 19 73 18 85 41 60 67 7 80 37 42 92 54 46 10 78 58 69 72 50 2 39 22 24 44 31 51 64 12 35 40 61 86 80 47 91 
11 21 11 44 18 39 14 12 51 100 75 76 79 16 48 64 25 40 58 92 35 30 33 77 13 86 87 33 14 42 39 37 20 34 88 25 68 14 0 89 37 80 68 37 32 83 74 64 22 42 65 84 70 79 10 20 21 100 52 10 81 95 55 45 80 37 48 83 8 34 16 45 57 79 63 4 14 60 18 73 7 55 0 67 35 64 6 89 72 52 36 26 30 73 98 93 84 53 68 5 49 43 65 60 7 71 23 85 41 35 80 82 5 45 28 100 99 58 23 49 
92 40 31 72 23 96 86 30 29 40 8 32 1 76 63 72 81 77 77 73 35 26 22 60 45 23 55 32 59 50 43 53 36 79 61 8 96 68 89 0 38 62 71 93 8 89 97 65 75 78 44 43 95 67 81 61 4 35 88 15 37 70 11 17 45 36 63 68 10 29 64 66 41 57 34 51 27 20 38 91 70 51 67 82 85 56 5 53 10 80 51 12 14 35 33 1 81 97 7 16 56 9 27 63 16 20 44 12 47 29 5 77 50 70 44 10 7 50 61 30 
11 100 97 73 59 28 95 80 5 72 82 70 21 98 50 71 23 18 31 51 73 25 98 96 18 87 47 53 87 19 69 74 11 44 9 60 65 69 37 38 0 24 9 86 64 50 32 94 43 87 57 85 7 66 40 95 59 79 38 77 64 31 34 54 49 9 26 54 16 7 56 51 87 25 6 84 29 7 71 10 18 71 78 59 35 49 60 18 65 9 76 15 70 20 74 46 69 66 22 61 58 13 83 35 41 90 84 19 19 65 27 12 55 57 19 15 65 89 6 3 
31 71 2 54 16 85 97 22 33 54 60 71 48 6 53 31 16 72 69 22 88 42 24 96 81 54 70 89 48 43 62 60 42 89 59 87 35 25 80 62 24 0 79 1 44 3 48 20 70 98 54 76 97 21 17 48 2 17 18 99 60 44 84 21 21 61 11 51 51 16 86 49 1 1 4 81 42 27 44 50 42 38 46 80 76 22 38 86 30 9 19 43 6 99 13 22 47 39 74 76 6 63 74 88 52 32 12 70 98 4 80 9 53 15 51 84 2 85 14 96 
57 23 69 52 77 39 19 72 61 73 25 68 72 86 31 0 99 12 74 66 43 8 52 99 62 20 37 25 65 47 5 63 1 11 85 59 57 20 68 71 9 79 0 88 72 45 91 3 88 85 87 89 15 59 87 44 53 19 83 24 49 48 52 51 63 97 27 46 93 89 82 80 90 17 25 74 61 40 93 88 14 50 85 81 10 78 23 15 18 3 19 4 94 15 77 37 97 45 98 11 76 17 30 3 4 85 42 0 30 28 5 24 1 33 53 65 12 81 17 39 
14 68 66 41 3 34 63 24 7 27 49 52 63 99 58 26 33 40 64 17 87 58 19 59 96 88 99 18 27 33 65 100 79 86 14 86 0 93 37 93 86 1 88 0 29 5 67 5 3 80 65 78 13 100 76 75 43 35 76 33 39 77 89 34 94 98 87 14 6 78 38 53 16 16 25 19 66 27 76 90 65 47 58 62 17 14 17 82 97 56 31 26 95 62 82 21 48 77 17 93 64 65 61 19 57 10 49 5 2 81 79 97 96 54 8 23 100 17 78 73 
52 68 76 52 70 3 62 76 46 85 87 18 40 23 97 12 4 93 100 23 24 31 51 57 55 24 61 3 98 5 12 78 93 66 0 19 7 98 32 8 64 44 72 29 0 94 93 4 75 6 1 65 68 93 32 91 57 49 12 76 31 88 97 30 52 88 53 62 32 1 8 94 89 43 3 27 59 24 86 46 73 24 34 72 76 0 87 23 88 32 86 7 11 64 24 19 34 31 86 76 93 92 77 25 28 55 61 53 9 1 69 42 46 12 59 51 4 100 88 6 
35 2 96 3 23 34 81 73 37 78 87 59 26 46 5 5 62 30 76 99 69 28 51 90 90 71 12 4 77 65 5 29 87 80 20 39 53 99 83 89 50 3 45 5 94 0 2 65 19 52 10 1 58 51 20 95 77 97 41 11 72 2 45 35 4 52 83 7 50 33 89 81 44 16 79 89 73 48 2 15 75 41 97 33 22 69 97 91 73 16 34 60 11 31 1 36 12 0 38 9 29 73 28 89 78 7 66 13 83 78 45 0 92 38 69 85 0 88 68 10 
29 22 58 7 79 43 28 60 93 76 40 47 0 93 52 83 22 52 14 31 13 11 19 52 43 70 90 69 24 82 53 53 35 22 83 58 48 76 74 97 32 48 91 67 93 2 0 93 12 23 93 94 60 48 75 62 87 10 66 95 21 87 22 70 74 29 1 98 83 17 77 0 12 52 75 42 33 89 65 59 92 2 40 43 0 87 51 64 58 84 8 54 99 18 94 37 61 15 54 24 46 33 19 54 69 76 39 6 87 9 56 69 4 83 86 91 80 78 28 82 
88 26 69 33 61 8 60 32 78 99 31 74 57 72 70 53 36 52 44 30 58 65 44 59 75 17 59 53 55 12 97 34 35 92 69 34 16 71 64 65 94 20 3 5 4 65 93 0 21 15 43 23 16 31 16 35 63 14 7 82 39 28 61 37 76 5 3 28 86 35 88 9 36 28 87 0 2 40 20 29 66 90 24 4 0 24 86 65 0 29 9 60 15 14 92 15 47 58 58 28 15 78 50 38 75 57 59 81 45 36 67 31 31 7 90 23 57 44 83 11 
73 24 19 29 44 21 92 81 65 6 51 92 42 99 29 16 14 36 14 63 25 32 15 21 68 66 42 44 36 48 26 51 52 35 32 80 28 3 22 75 43 70 88 3 75 19 12 21 0 47 17 36 48 69 65 78 1 96 39 44 56 22 62 38 80 74 5 27 37 0 77 57 59 41 83 94 30 97 52 16 79 100 63 51 70 22 97 10 58 72 93 69 58 100 68 74 20 6 28 85 38 7 10 39 62 11 54 73 46 34 77 15 16 62 0 82 54 40 5 78 
64 85 83 26 36 67 10 90 97 83 53 95 4 9 52 50 34 31 66 8 39 32 16 23 59 18 25 46 35 57 77 91 59 11 32 46 48 66 42 78 87 98 85 80 6 52 23 15 47 0 51 38 4 42 57 84 81 37 83 44 89 88 33 78 38 7 77 88 69 38 24 20 85 94 28 28 68 64 11 81 7 94 45 27 93 69 23 21 11 24 69 21 45 39 9 1 78 81 58 24 14 4 8 36 97 38 24 18 38 70 15 2 40 21 38 14 10 27 22 88 
21 26 48 5 40 40 28 32 10 90 27 37 91 100 4 7 89 70 55 49 96 73 51 99 47 18 25 55 10 21 25 92 56 89 99 85 6 41 65 44 57 54 87 65 1 10 93 43 17 51 0 1 27 47 29 49 96 100 49 51 88 3 62 89 84 76 29 20 61 26 62 48 9 21 7 80 51 20 60 77 81 50 3 95 28 7 100 52 55 30 24 86 9 12 15 44 1 21 47 73 46 50 4 10 45 56 12 8 6 24 66 14 65 80 73 46 18 99 4 96 
21 57 46 86 65 90 13 26 50 16 71 10 46 75 50 93 32 21 9 55 59 32 41 15 95 5 80 13 32 55 70 99 48 40 80 37 45 81 84 43 85 76 89 78 65 1 94 23 36 38 1 0 64 94 4 80 68 17 23 56 57 77 2 36 32 37 44 57 10 79 13 20 38 38 16 12 8 38 21 51 10 93 26 88 78 86 40 42 4 53 39 12 100 49 76 51 11 44 78 21 85 48 19 77 15 15 88 38 71 81 79 38 87 3 42 46 5 3 38 32 
60 85 63 25 0 65 27 83 56 7 3 78 29 69 3 14 24 58 72 64 31 80 68 88 78 26 88 29 22 62 96 8 65 62 37 59 22 46 70 95 7 97 15 13 68 58 60 16 48 4 27 64 0 29 91 88 34 88 24 91 5 33 27 2 100 28 59 14 43 68 75 41 67 75 71 8 37 26 34 97 5 72 8 72 7 63 42 66 88 25 53 74 54 71 61 19 9 41 81 75 91 27 64 60 33 85 56 74 99 64 35 78 26 67 52 72 67 62 33 100 
64 62 91 21 67 89 31 81 26 62 87 45 68 73 16 96 0 11 18 41 64 60 16 90 81 2 55 95 30 91 81 37 51 68 47 61 31 36 79 67 66 21 59 100 93 51 48 31 69 42 47 94 29 0 24 16 76 3 46 14 31 70 56 61 8 1 30 20 11 96 95 57 80 50 34 49 5 3 54 84 62 19 41 92 50 87 11 32 60 42 6 21 73 73 80 70 12 95 73 56 18 61 50 30 60 14 57 57 29 4 29 95 28 6 13 9 81 27 57 57 
72 5 15 70 22 19 92 41 8 23 95 70 24 17 43 41 96 55 2 100 26 67 22 30 32 79 4 91 46 50 28 75 85 85 79 67 33 29 10 81 40 17 87 76 32 20 75 16 65 57 29 4 91 24 0 38 46 95 6 93 87 60 77 55 75 13 71 62 36 12 82 34 38 39 15 53 30 75 3 83 42 8 44 67 3 96 54 64 4 19 19 11 82 70 52 24 23 87 0 7 45 91 71 39 30 94 92 38 49 65 87 9 58 25 47 85 20 31 75 4 
14 20 87 26 45 29 33 55 18 61 4 2 27 1 84 32 56 98 32 66 92 84 97 91 70 45 51 7 58 50 100 61 62 46 15 69 86 79 20 61 95 48 44 75 91 95 62 35 78 84 49 80 88 16 38 0 16 62 89 11 30 69 59 62 26 10 77 2 89 0 72 23 15 20 28 53 29 73 82 51 89 72 1 0 53 44 88 9 64 94 92 74 46 62 10 29 81 24 7 76 75 53 59 95 62 70 72 35 86 68 4 42 91 60 40 57 93 87 76 57 
44 28 90 16 20 59 40 63 22 40 47 57 35 69 63 99 7 89 36 85 85 21 60 58 8 64 22 56 40 84 31 84 14 66 52 18 88 23 21 4 59 2 53 43 57 77 87 63 1 81 96 68 34 76 46 16 0 26 26 58 28 37 34 55 20 58 61 29 88 74 61 91 97 11 97 20 100 17 62 68 79 63 21 22 67 8 40 35 73 53 28 27 83 41 29 17 33 75 47 38 49 9 4 3 96 28 15 16 16 97 97 43 10 77 41 16 4 60 65 100 
46 45 19 60 93 49 51 51 49 1 68 28 17 26 23 33 0 50 100 96 23 61 12 50 49 53 91 19 16 27 84 76 90 32 51 56 91 39 100 35 79 17 19 35 49 97 10 14 96 37 100 17 88 3 95 62 26 0 93 50 78 48 68 15 20 7 59 49 20 21 27 30 35 44 24 8 100 78 56 82 51 78 34 74 80 9 72 94 47 33 67 15 39 93 70 96 71 85 29 64 95 75 22 27 12 3 32 85 49 31 58 30 92 29 8 73 19 60 60 70 
11 52 4 72 17 46 58 35 50 90 89 80 91 75 68 95 1 28 94 62 97 78 5 66 59 61 1 89 76 91 59 29 0 35 45 60 90 96 52 88 38 18 83 76 12 41 66 7 39 83 49 23 24 46 6 89 26 93 0 95 87 73 98 53 46 64 20 85 83 14 88 35 81 21 60 11 36 29 24 7 15 18 56 42 54 45 46 49 71 86 98 43 80 3 35 10 13 16 88 38 29 81 55 9 79 70 96 63 68 77 75 77 59 0 87 25 8 19 99 93 
58 83 100 26 29 46 93 63 26 83 92 98 41 55 77 74 8 60 30 47 47 18 96 17 19 10 20 4 94 42 0 39 44 11 43 33 17 18 10 15 77 99 24 33 76 11 95 82 44 44 51 56 91 14 93 11 58 50 95 0 8 96 96 3 27 65 46 4 0 82 80 50 90 27 57 21 24 14 97 62 58 60 58 91 86 46 39 62 45 41 92 34 44 73 70 81 13 15 69 72 9 96 11 20 12 91 79 56 42 91 75 10 60 82 65 99 75 57 55 42 
43 67 47 2 74 97 3 21 74 94 30 59 68 55 91 76 62 21 35 76 67 91 98 45 35 66 80 17 60 40 38 67 58 23 65 86 45 25 81 37 64 60 49 39 31 72 21 39 56 89 88 57 5 31 87 30 28 78 87 8 0 52 1 31 48 34 77 47 85 77 78 56 46 49 73 20 40 56 25 84 31 71 88 39 32 59 69 30 96 37 53 93 14 15 38 0 69 69 88 91 63 20 100 89 29 87 62 52 18 19 77 76 35 64 63 6 13 7 32 84 
28 88 69 76 69 7 41 90 23 58 75 33 43 19 9 85 87 70 39 36 43 1 46 13 99 33 51 64 46 28 10 33 88 17 37 49 32 39 95 70 31 44 48 77 88 2 87 28 22 88 3 77 33 70 60 69 37 48 73 96 52 0 24 48 76 45 24 100 30 97 94 49 89 43 97 21 16 62 75 80 42 43 63 62 75 43 72 49 95 2 25 15 42 74 45 3 17 41 28 80 29 65 27 97 16 44 89 69 94 71 60 92 37 72 52 51 86 21 52 16 
14 67 47 60 1 98 99 33 64 2 92 63 46 64 72 57 94 3 91 12 73 76 1 90 48 78 28 98 72 42 37 27 30 22 97 28 7 29 55 11 34 84 52 89 97 45 22 61 62 33 62 2 27 56 77 59 34 68 98 96 1 24 0 42 65 66 62 55 76 92 57 39 15 21 55 18 19 56 73 73 80 77 40 39 1 0 75 79 35 94 71 78 20 28 93 65 66 82 93 23 93 27 86 51 55 23 58 60 52 66 47 90 9 79 31 67 52 91 18 19 
69 5 27 85 67 98 75 54 9 92 59 63 50 64 50 77 5 91 26 78 14 28 49 21 5 76 0 5 71 70 5 38 67 27 97 89 90 2 45 17 54 21 51 34 30 35 70 37 38 78 89 36 2 61 55 62 55 15 53 3 31 48 42 0 2 79 52 84 22 45 75 99 33 49 19 56 54 40 33 72 84 26 70 15 28 93 21 74 18 56 60 25 87 80 18 50 23 83 76 73 65 98 28 30 4 4 91 30 1 19 86 62 27 78 97 26 42 81 29 45 
0 100 54 92 79 41 33 37 72 64 42 52 11 9 60 17 82 78 9 23 99 9 100 2 86 13 53 35 66 46 30 92 36 24 81 98 63 38 80 45 49 21 63 94 52 4 74 76 80 38 84 32 100 8 75 26 20 20 46 27 48 76 65 2 0 49 40 31 43 63 79 16 86 43 89 54 26 32 5 99 62 34 84 72 48 4 38 22 23 5 88 91 16 19 5 26 53 97 26 64 81 89 69 64 43 8 14 16 50 3 94 60 75 63 61 59 89 100 33 3 
11 82 81 70 18 39 57 86 58 34 17 87 62 51 35 88 78 23 6 12 93 90 50 66 84 27 89 81 68 53 42 13 22 18 71 64 100 91 37 36 9 61 97 98 88 52 29 5 74 7 76 37 28 1 13 10 58 7 64 65 34 45 66 79 49 0 80 15 9 34 39 21 4 23 19 12 10 88 84 12 74 49 88 45 38 16 59 63 56 44 82 90 28 74 99 89 78 87 62 3 8 63 36 51 7 74 94 72 37 98 95 21 2 20 76 100 3 4 66 81 
7 94 67 34 10 69 50 86 34 17 66 4 7 59 32 6 44 48 93 31 0 27 80 73 35 60 46 9 35 32 26 30 95 62 58 45 44 54 48 63 26 11 27 87 53 83 1 3 5 77 29 44 59 30 71 77 61 59 20 46 77 24 62 52 40 80 0 32 36 45 97 28 23 6 66 78 27 62 63 28 81 7 37 45 80 29 49 29 77 54 29 82 75 67 82 91 23 75 81 55 94 18 5 12 41 49 100 54 10 35 91 34 26 36 20 82 3 55 21 46 
33 44 80 31 74 71 40 68 64 97 59 87 22 32 10 76 64 77 51 92 19 59 91 36 7 39 89 0 80 18 83 82 69 50 30 62 17 76 83 68 54 51 46 14 62 7 98 28 27 88 20 57 14 20 62 2 29 49 85 4 47 100 55 84 31 15 32 0 90 91 45 67 35 93 63 35 96 46 18 85 85 49 60 3 54 55 45 25 12 67 25 100 97 12 8 99 82 13 57 7 58 86 63 41 98 34 22 9 42 98 71 53 24 17 9 92 5 8 77 70 
25 26 87 65 29 48 33 49 6 92 70 95 7 0 35 8 21 62 10 9 35 2 29 49 17 65 63 47 78 1 94 90 64 46 49 80 81 14 8 10 16 51 93 6 32 50 83 86 37 69 61 10 43 11 36 89 88 20 83 0 85 30 76 22 43 9 36 90 0 16 88 57 8 72 17 41 0 100 36 57 98 50 1 30 58 35 54 11 11 64 48 74 16 65 18 42 36 74 24 58 93 14 51 10 10 16 11 90 6 35 27 10 48 21 70 78 71 100 37 91 
75 14 53 67 75 35 86 76 100 87 11 69 99 51 49 18 85 38 90 95 54 1 5 34 45 96 11 45 20 52 57 10 43 92 83 24 9 16 34 29 7 16 89 78 1 33 17 35 0 38 26 79 68 96 12 0 74 21 14 82 77 97 92 45 63 34 45 91 16 0 38 2 90 80 21 83 57 91 93 30 20 51 35 62 32 38 10 80 68 36 31 39 43 47 26 1 71 16 75 90 19 31 9 18 11 16 87 15 56 92 22 7 57 43 89 23 86 16 89 90 
86 59 94 100 41 64 43 92 0 2 3 2 55 68 22 79 86 8 44 78 40 37 37 21 79 23 7 48 43 63 63 96 26 16 5 64 36 0 16 64 56 86 82 38 8 89 77 88 77 24 62 13 75 95 82 72 61 27 88 80 78 94 57 75 79 39 97 45 88 38 0 63 8 48 42 41 99 32 94 0 6 34 2 21 47 85 35 48 34 55 67 2 14 20 9 45 7 24 34 54 84 20 30 98 37 77 2 0 54 82 91 7 89 60 67 81 60 39 3 42 
58 65 75 86 8 41 8 31 1 24 37 95 54 67 17 31 44 45 9 64 83 86 71 98 30 79 46 9 84 86 68 52 63 32 36 42 93 77 45 66 51 49 80 53 94 81 0 9 57 20 48 20 41 57 34 23 91 30 35 50 56 49 39 99 16 21 28 67 57 2 63 0 100 3 62 79 8 90 14 51 13 49 19 8 58 17 42 80 40 53 42 47 30 52 73 76 89 99 18 46 64 18 71 1 100 82 63 32 86 15 2 39 43 89 98 67 15 12 31 40 
38 13 93 79 87 100 92 1 4 54 86 20 88 45 16 40 29 26 94 96 28 73 42 14 49 83 27 61 55 74 35 32 57 8 82 41 62 73 57 41 87 1 90 16 89 44 12 36 59 85 9 38 67 80 38 15 97 35 81 90 46 89 15 33 86 4 23 35 8 90 8 100 0 55 96 1 40 31 17 15 9 52 75 84 36 91 26 25 8 93 45 78 57 23 2 43 14 81 94 11 87 57 65 8 36 61 41 71 4 92 83 84 0 79 49 27 66 31 96 94 
78 30 66 44 11 74 19 91 14 15 75 81 34 91 21 80 29 26 58 5 0 82 45 26 79 45 12 10 23 43 93 41 89 90 84 97 31 90 79 57 25 1 17 16 43 16 52 28 41 94 21 38 75 50 39 20 11 44 21 27 49 43 21 49 43 23 6 93 72 80 48 3 55 0 20 10 87 28 53 78 51 23 91 52 65 69 62 6 37 70 36 27 23 42 90 79 2 39 67 30 25 80 4 72 48 2 45 32 60 7 33 66 33 54 79 65 82 49 55 51 
79 34 85 76 97 57 60 70 22 67 29 19 63 5 98 76 15 99 53 46 4 35 31 89 7 61 34 84 34 23 23 82 47 29 52 35 60 9 63 34 6 4 25 25 3 79 75 87 83 28 7 16 71 34 15 28 97 24 60 57 73 97 55 19 89 19 66 63 17 21 42 62 96 20 0 58 7 72 79 15 81 72 3 37 59 69 100 70 48 62 44 14 60 95 85 1 23 67 6 4 47 46 32 39 87 84 25 30 60 54 16 14 2 85 61 21 40 65 18 19 
63 96 5 51 10 83 63 57 16 3 34 65 81 60 45 81 21 72 99 80 67 88 16 54 10 69 3 96 54 36 62 4 41 47 87 8 13 63 4 51 84 81 74 19 27 89 42 0 94 28 80 12 8 49 53 53 20 8 11 21 20 21 18 56 54 12 78 35 41 83 41 79 1 10 58 0 9 44 25 34 77 98 38 74 14 11 28 84 27 9 98 91 83 95 30 91 56 51 64 23 86 28 56 78 15 79 64 3 33 70 56 22 66 31 36 15 75 5 21 32 
64 98 58 71 49 38 80 83 58 86 55 86 53 6 71 82 83 8 18 25 59 97 10 66 78 5 83 75 43 96 95 54 77 9 61 4 68 0 14 27 29 42 61 66 59 73 33 2 30 68 51 8 37 5 30 29 100 100 36 24 40 16 19 54 26 10 27 96 0 57 99 8 40 87 7 9 0 24 30 49 70 34 30 32 77 43 25 97 77 42 3 43 36 81 41 66 10 39 23 31 18 50 74 50 73 85 28 51 6 29 36 54 46 51 83 31 12 98 10 32 
97 22 96 5 41 33 63 98 92 50 66 75 90 38 3 84 92 36 4 15 60 40 57 58 8 50 48 16 19 66 51 55 53 38 5 25 89 20 60 20 7 27 40 27 24 48 89 40 97 64 20 38 26 3 75 73 17 78 29 14 56 62 56 40 32 88 62 46 100 91 32 90 31 28 72 44 24 0 65 32 25 55 64 49 38 51 81 14 100 89 22 50 47 3 42 53 47 53 69 35 56 31 0 58 43 37 38 89 40 37 31 2 63 89 75 67 4 49 70 93 
4 42 53 19 67 91 68 61 24 32 2 33 13 75 2 3 40 61 76 60 94 29 14 24 19 57 48 29 48 80 68 31 88 10 52 57 56 87 18 38 71 44 93 76 86 2 65 20 52 11 60 21 34 54 3 82 62 56 24 97 25 75 73 33 5 84 63 18 36 93 94 14 17 53 79 25 30 65 0 88 96 58 44 12 23 91 94 26 73 13 4 39 36 89 25 31 91 26 98 76 24 36 62 25 5 43 29 92 6 72 57 45 100 58 11 16 82 20 92 35 
44 21 12 83 87 6 83 0 59 23 37 76 7 60 81 35 83 42 98 77 61 95 76 15 76 83 70 84 52 91 8 40 95 21 47 97 47 28 73 91 10 50 88 90 46 15 59 29 16 81 77 51 97 84 83 51 68 82 7 62 84 80 73 72 99 12 28 85 57 30 0 51 15 78 15 34 49 32 88 0 90 78 85 59 49 1 42 26 83 68 80 71 75 96 62 37 19 36 66 76 99 16 20 46 48 68 48 41 16 14 58 10 33 38 94 69 18 52 85 13 
15 3 13 80 95 89 34 58 35 75 86 84 41 18 20 16 3 2 62 73 12 38 3 12 63 95 64 4 53 93 20 4 10 32 94 57 46 77 7 70 18 42 14 65 73 75 92 66 79 7 81 10 5 62 42 89 79 51 15 58 31 42 80 84 62 74 81 85 98 20 6 13 9 51 81 77 70 25 96 90 0 59 52 91 90 75 55 29 32 72 79 12 79 4 90 18 52 39 6 26 80 98 60 44 82 41 30 44 64 93 71 40 86 85 16 54 90 15 29 19 
98 18 39 8 46 77 21 61 73 5 82 58 74 51 80 90 28 41 5 31 25 87 38 3 1 94 1 1 9 64 37 6 69 69 6 14 26 68 55 51 71 38 50 47 24 41 2 90 100 94 50 93 72 19 8 72 63 78 18 60 71 43 77 26 34 49 7 49 50 51 34 49 52 23 72 98 34 55 58 78 59 0 69 60 34 23 56 26 0 73 21 100 88 67 70 6 84 51 62 29 2 9 16 88 15 76 83 32 14 55 42 6 53 47 88 49 64 80 74 98 
1 43 90 90 75 58 80 76 52 33 12 25 45 98 89 26 90 80 13 76 9 64 19 34 8 36 45 82 67 36 38 53 97 91 39 77 8 15 0 67 78 46 85 58 34 97 40 24 63 45 3 26 8 41 44 1 21 34 56 58 88 63 40 70 84 88 37 60 1 35 2 19 75 91 3 38 30 64 44 85 52 69 0 95 16 46 5 52 54 10 62 28 91 95 70 48 27 30 35 17 71 64 96 67 13 35 19 64 36 72 10 20 94 14 3 20 14 55 20 70 
87 19 70 3 85 56 3 27 25 87 46 41 43 31 49 60 31 56 25 90 63 94 4 88 66 86 46 37 60 45 87 87 26 48 48 85 100 88 67 82 59 80 81 62 72 33 43 4 51 27 95 88 72 92 67 0 22 74 42 91 39 62 39 15 72 45 45 3 30 62 21 8 84 52 37 74 32 49 12 59 91 60 95 0 56 100 93 83 9 56 14 27 7 13 1 0 33 93 19 22 14 88 81 21 90 79 69 96 41 66 25 49 10 49 83 18 1 69 28 46 
80 93 7 79 47 29 8 15 67 12 50 86 23 40 87 45 61 46 22 96 19 70 60 85 71 26 28 65 81 58 1 93 56 11 48 44 56 19 35 85 35 76 10 17 76 22 0 0 70 93 28 78 7 50 3 53 67 80 54 86 32 75 1 28 48 38 80 54 58 32 47 58 36 65 59 14 77 38 23 49 90 34 16 56 0 38 35 0 31 84 0 58 80 100 95 32 96 51 80 54 99 67 96 47 36 36 46 99 61 44 37 44 95 46 23 25 18 28 87 65 
24 59 43 80 60 38 38 75 94 8 21 5 20 36 12 51 52 92 17 72 25 1 45 15 38 50 83 67 34 75 57 40 57 78 16 41 25 73 64 56 49 22 78 14 0 69 87 24 22 69 7 86 63 87 96 44 8 9 45 46 59 43 0 93 4 16 29 55 35 38 85 17 91 69 69 11 43 51 91 1 75 23 46 100 38 0 78 69 88 45 65 62 23 90 35 27 88 46 81 56 51 90 39 55 47 53 72 49 94 47 69 43 54 23 53 16 99 34 77 87 
49 32 94 97 71 16 87 83 17 2 71 55 27 18 60 1 17 70 76 92 6 38 19 20 82 76 87 55 79 13 61 72 71 81 80 10 8 18 6 5 60 38 23 17 87 97 51 86 97 23 100 40 42 11 54 88 40 72 46 39 69 72 75 21 38 59 49 45 54 10 35 42 26 62 100 28 25 81 94 42 55 56 5 93 35 78 0 66 34 0 45 93 20 15 4 15 64 54 52 6 78 60 3 6 11 18 67 64 68 42 95 57 61 1 83 100 28 30 64 79 
48 100 7 31 32 82 1 60 31 55 98 5 73 45 62 28 30 9 12 22 36 97 38 51 54 61 5 16 7 12 62 34 38 30 6 28 89 85 89 53 18 86 15 82 23 91 64 65 10 21 52 42 66 32 64 9 35 94 49 62 30 49 79 74 22 63 29 25 11 80 48 80 25 6 70 84 97 14 26 26 29 26 52 83 0 69 66 0 7 55 39 21 87 65 38 81 70 16 58 5 21 54 77 71 62 78 2 87 55 50 73 82 27 61 94 84 9 98 16 31 
86 37 2 83 75 54 100 12 10 22 33 70 40 37 70 57 86 85 18 68 84 26 20 73 42 41 94 49 86 11 81 46 8 47 63 31 95 41 72 10 65 30 18 97 88 73 58 0 58 11 55 4 88 60 4 64 73 47 71 45 96 95 35 18 23 56 77 12 11 68 34 40 8 37 48 27 77 100 73 83 32 0 54 9 31 88 34 7 0 36 51 50 88 6 21 0 5 7 9 32 70 19 41 17 16 59 57 59 88 37 57 64 28 74 5 79 5 44 100 84 
32 9 45 49 87 88 100 89 29 76 13 96 37 88 36 35 94 52 2 30 20 29 1 54 29 28 36 16 54 42 76 17 61 10 24 72 50 60 52 80 9 9 3 56 32 16 84 29 72 24 30 53 25 42 19 94 53 33 86 41 37 2 94 56 5 44 54 67 64 36 55 53 93 70 62 9 42 89 13 68 72 73 10 56 84 45 0 55 36 0 45 85 21 44 46 66 56 18 3 35 30 92 21 92 36 69 31 0 77 23 6 96 74 73 43 20 28 89 25 68 
62 18 33 97 79 62 36 63 38 93 85 88 25 33 21 54 55 39 72 39 87 42 62 9 46 37 59 30 21 46 14 80 88 97 74 64 12 67 36 51 76 19 19 31 86 34 8 9 93 69 24 39 53 6 19 92 28 67 98 92 53 25 71 60 88 82 29 25 48 31 67 42 45 36 44 98 3 22 4 80 79 21 62 14 0 65 45 39 51 45 0 54 61 100 1 97 3 97 20 23 97 88 37 74 89 51 42 29 36 19 25 90 57 17 30 0 57 19 98 27 
80 34 46 61 15 68 74 18 0 77 87 27 87 10 4 9 99 83 79 96 88 9 77 36 100 55 39 45 70 71 20 1 87 87 16 26 33 7 26 12 15 43 4 26 7 60 54 60 69 21 86 12 74 21 11 74 27 15 43 34 93 15 78 25 91 90 82 100 74 39 2 47 78 27 14 91 43 50 39 71 12 100 28 27 58 62 93 21 50 85 54 0 88 60 71 17 81 25 11 12 81 17 20 38 31 84 60 20 48 6 29 68 63 0 97 33 69 53 35 85 
50 34 24 66 73 4 85 52 54 20 93 69 27 99 65 78 49 50 12 87 82 29 24 99 78 87 66 14 34 84 26 75 39 45 77 63 52 80 30 14 70 6 94 95 11 11 99 15 58 45 9 100 54 73 82 46 83 39 80 44 14 42 20 87 16 28 75 97 16 43 14 30 57 23 60 83 36 47 36 75 79 88 91 7 80 23 20 87 88 21 61 88 0 14 0 45 69 33 13 94 21 17 45 58 73 26 79 99 100 35 1 96 46 79 42 34 93 88 99 32 
4 28 93 66 51 76 59 22 9 65 45 3 72 88 39 38 52 14 83 63 15 14 4 32 40 3 91 46 25 66 86 82 94 26 48 93 37 37 73 35 20 99 15 62 64 31 18 14 100 39 12 49 71 73 70 62 41 93 3 73 15 74 28 80 19 74 67 12 65 47 20 52 23 42 95 95 81 3 89 96 4 67 95 13 100 90 15 65 6 44 100 60 14 0 45 72 88 26 73 76 67 17 70 12 92 62 83 57 0 46 41 21 89 70 56 24 76 4 87 40 
95 48 38 9 95 75 64 4 10 87 26 99 75 39 79 89 70 68 93 2 73 51 80 33 46 56 99 13 83 47 35 65 52 6 95 86 76 42 98 33 74 13 77 82 24 1 94 92 68 9 15 76 61 80 52 10 29 70 35 70 38 45 93 18 5 99 82 8 18 26 9 73 2 90 85 30 41 42 25 62 90 70 70 1 95 35 4 38 21 46 1 71 0 45 0 71 43 74 19 92 23 16 42 59 82 85 11 3 71 78 40 10 34 10 42 91 4 57 11 20 
60 4 38 25 92 16 91 26 52 92 64 40 77 80 93 93 32 72 59 14 14 88 74 88 10 52 24 1 46 8 16 41 24 34 29 5 80 92 93 1 46 22 37 21 19 36 37 15 74 1 44 51 19 70 24 29 17 96 10 81 0 3 65 50 26 89 91 99 42 1 45 76 43 79 1 91 66 53 31 37 18 6 48 0 32 27 15 81 0 66 97 17 45 72 71 0 70 87 7 86 7 28 56 18 86 63 53 86 36 2 99 14 36 77 75 31 62 14 77 68 
18 31 45 33 52 46 37 64 6 91 100 42 91 65 15 36 22 47 66 64 78 38 100 96 74 68 92 57 59 19 59 7 100 55 43 37 16 54 84 81 69 47 97 48 34 12 61 47 20 78 1 11 9 12 23 81 33 71 13 13 69 17 66 23 53 78 23 82 36 71 7 89 14 2 23 56 10 47 91 19 52 84 27 33 96 88 64 70 5 56 3 81 69 88 43 70 0 35 54 86 72 13 36 80 39 69 70 80 65 46 100 17 22 52 16 41 13 96 42 94 
72 22 70 72 71 73 84 15 82 6 77 98 80 92 0 80 5 4 70 59 34 44 49 80 12 28 35 55 6 96 24 46 34 54 98 31 23 46 53 97 66 39 45 77 31 0 15 58 6 81 21 44 41 95 87 24 75 85 16 15 69 41 82 83 97 87 75 13 74 16 24 99 81 39 67 51 39 53 26 36 39 51 30 93 51 46 54 16 7 18 97 25 33 26 74 87 35 0 92 15 20 1 59 69 82 46 83 56 46 100 94 54 37 92 9 58 17 89 82 56 
66 87 69 97 30 38 95 89 7 25 39 90 83 42 79 28 76 97 82 33 54 18 68 12 99 74 71 64 24 80 86 40 63 42 72 56 63 10 68 7 22 74 98 17 86 38 54 58 28 58 47 78 81 73 0 7 47 29 88 69 88 28 93 76 26 62 81 57 24 75 34 18 94 67 6 64 23 69 98 66 6 62 35 19 80 81 52 58 9 3 20 11 13 73 19 7 54 92 0 42 24 15 8 69 41 62 87 5 44 5 60 52 2 47 46 89 1 10 40 84 
94 60 40 45 15 22 39 24 19 44 86 58 89 60 59 27 41 34 71 23 39 11 26 63 2 10 28 16 17 83 81 52 83 14 88 28 82 78 5 16 61 76 11 93 76 9 24 28 85 24 73 21 75 56 7 76 38 64 38 72 91 80 23 73 64 3 55 7 58 90 54 46 11 30 4 23 31 35 76 76 26 29 17 22 54 56 6 5 32 35 23 12 94 76 92 86 86 15 42 0 17 68 48 48 40 31 79 74 23 64 35 47 53 30 89 9 80 84 48 6 
14 52 95 80 69 6 49 39 74 95 58 69 12 32 1 35 29 85 8 93 28 58 61 50 50 57 20 57 7 10 40 89 94 85 63 49 25 58 49 56 58 6 76 64 93 29 46 15 38 14 46 85 91 18 45 75 49 95 29 9 63 29 93 65 81 8 94 58 93 19 84 64 87 25 47 86 18 56 24 99 80 2 71 14 99 51 78 21 70 30 97 81 21 67 23 7 72 20 24 17 0 18 81 65 93 54 37 100 21 93 73 77 41 34 70 99 32 65 66 20 
19 2 1 18 31 49 93 24 4 28 93 46 77 26 4 15 93 34 26 88 60 50 89 73 70 8 48 8 37 81 6 13 97 43 81 23 1 69 43 9 13 63 17 65 92 73 33 78 7 4 50 48 27 61 91 53 9 75 81 96 20 65 27 98 89 63 18 86 14 31 20 18 57 80 46 28 50 31 36 16 98 9 64 88 67 90 60 54 19 92 88 17 17 17 16 28 13 1 15 68 18 0 50 53 81 32 59 38 61 76 37 64 13 70 16 53 39 31 70 40 
4 67 8 49 69 18 19 90 6 46 60 33 64 61 96 5 20 57 30 32 20 42 6 3 36 13 16 54 33 96 22 88 72 10 9 77 80 72 65 27 83 74 30 61 77 28 19 50 10 8 4 19 64 50 71 59 4 22 55 11 100 27 86 28 69 36 5 63 51 9 30 71 65 4 32 56 74 0 62 20 60 16 96 81 96 39 3 77 41 21 37 20 45 70 42 56 36 59 8 48 81 50 0 97 77 56 16 0 41 26 13 77 83 60 76 18 63 9 21 25 
84 51 90 16 97 100 47 67 38 20 47 83 1 95 38 18 55 70 14 11 1 65 45 94 74 79 67 38 44 33 32 81 34 24 53 84 69 50 60 63 35 88 3 19 25 89 54 38 39 36 10 77 60 30 39 95 3 27 9 20 89 97 51 30 64 51 12 41 10 18 98 1 8 72 39 78 50 58 25 46 44 88 67 21 47 55 6 71 17 92 74 38 58 12 59 18 80 69 69 48 65 53 97 0 19 89 72 0 38 59 37 30 55 43 4 32 96 89 65 55 
42 31 28 96 48 47 83 18 95 22 62 8 86 47 33 37 93 55 94 53 52 49 54 79 1 98 10 29 44 22 8 66 93 54 38 93 14 2 7 16 41 52 4 57 28 78 69 75 62 97 45 15 33 60 30 62 96 12 79 12 29 16 55 4 43 7 41 98 10 11 37 100 36 48 87 15 73 43 5 48 82 15 13 90 36 47 11 62 16 36 89 31 73 92 82 86 39 82 41 40 93 81 77 19 0 1 18 63 13 44 91 0 2 4 74 78 73 29 32 24 
85 19 5 80 52 71 5 57 21 0 5 15 4 79 45 81 95 93 47 37 2 1 89 76 67 9 11 16 14 30 59 67 67 25 10 55 70 39 71 20 90 32 85 10 55 7 76 57 11 38 56 15 85 14 94 70 28 3 70 91 87 44 23 4 8 74 49 34 16 16 77 82 61 2 84 79 85 37 43 68 41 76 35 79 36 53 18 78 59 69 51 84 26 62 85 63 69 46 62 31 54 32 56 89 1 0 50 22 58 45 8 50 70 93 21 86 12 21 90 22 
50 73 68 68 49 93 39 13 61 96 14 4 18 29 47 4 15 4 29 31 47 78 87 32 99 60 90 46 71 8 22 62 0 0 1 19 34 22 23 44 84 12 42 49 61 66 39 59 54 24 12 88 56 57 92 72 15 32 96 79 62 89 58 91 14 94 100 22 11 87 2 63 41 45 25 64 28 38 29 48 30 83 19 69 46 72 67 2 57 31 42 60 79 83 11 53 70 83 87 79 37 59 16 72 18 50 0 69 22 22 18 62 19 18 64 88 75 70 74 4 
19 9 46 32 38 57 48 50 71 81 27 43 71 38 74 49 14 67 91 77 97 65 82 60 98 2 40 19 92 3 49 97 18 55 58 10 59 24 85 12 19 70 0 5 53 13 6 81 73 18 8 38 74 57 38 35 16 85 63 56 52 69 60 30 16 72 54 9 90 15 0 32 71 32 30 3 51 89 92 41 44 32 64 96 99 49 64 87 59 0 29 20 99 57 3 86 80 56 5 74 100 38 0 0 63 22 69 0 33 21 72 32 40 18 80 88 52 54 30 95 
92 64 34 51 4 29 44 48 61 10 47 61 46 32 61 87 75 61 89 56 11 81 79 0 69 66 57 43 64 82 57 78 66 23 32 63 87 44 41 47 19 98 30 2 9 83 87 45 46 38 6 71 99 29 49 86 16 49 68 42 18 94 52 1 50 37 10 42 6 56 54 86 4 60 60 33 6 40 6 16 64 14 36 41 61 94 68 55 88 77 36 48 100 0 71 36 65 46 44 23 21 61 41 38 13 58 22 33 0 20 61 22 8 15 80 64 14 15 0 91 
5 84 30 34 84 54 60 98 73 87 25 22 63 84 18 40 12 66 66 90 66 28 65 52 6 54 96 76 18 42 3 98 18 7 78 59 32 31 35 29 65 4 28 81 1 78 9 36 34 70 24 81 64 4 65 68 97 31 77 91 19 71 66 19 3 98 35 98 35 92 82 15 92 7 54 70 29 37 72 14 93 55 72 66 44 47 42 50 37 23 19 6 35 46 78 2 46 100 5 64 93 76 26 59 44 45 22 21 20 0 8 66 45 81 93 82 47 52 81 100 
77 18 58 28 26 47 83 33 15 78 66 48 61 4 73 19 98 30 82 41 94 89 41 27 25 82 61 59 88 81 19 58 98 27 51 30 43 51 80 5 27 80 5 79 69 45 56 67 77 15 66 79 35 29 87 4 97 58 75 75 77 60 47 86 94 95 91 71 27 22 91 2 83 33 16 56 36 31 57 58 71 42 10 25 37 69 95 73 57 6 25 29 1 41 40 99 100 94 60 35 73 37 13 37 91 8 18 72 61 8 0 51 66 47 73 24 10 47 66 54 
68 77 29 51 0 100 20 83 29 82 11 67 91 42 36 69 80 77 10 64 87 36 48 10 74 98 8 99 70 11 48 53 77 31 32 54 58 64 82 77 12 9 24 97 42 0 69 31 15 2 14 38 78 95 9 42 43 30 77 10 76 92 90 62 60 21 34 53 10 7 7 39 84 66 14 22 54 2 45 10 40 6 20 49 44 43 57 82 64 96 90 68 96 21 10 14 17 54 52 47 77 64 77 30 0 50 62 32 22 66 51 0 74 61 14 30 4 54 35 55 
83 51 96 9 79 45 35 61 69 34 71 13 88 72 67 94 76 27 78 38 91 95 50 45 8 63 59 44 83 84 37 22 23 39 93 5 8 12 5 50 55 53 1 96 46 92 4 31 16 40 65 87 26 28 58 91 10 92 59 60 35 37 9 27 75 2 26 24 48 57 89 43 0 33 2 66 46 63 100 33 86 53 94 10 95 54 61 27 28 74 57 63 46 89 34 36 22 37 2 53 41 13 83 55 2 70 19 40 8 45 66 74 0 44 71 94 48 76 49 31 
42 52 30 41 42 10 36 66 32 18 97 56 62 81 89 36 77 47 66 25 70 56 35 38 79 78 50 20 75 64 25 96 8 40 38 7 73 35 45 70 57 15 33 54 12 38 83 7 62 21 80 3 67 6 25 60 77 29 0 82 64 72 79 78 63 20 36 17 21 43 60 89 79 54 85 31 51 89 58 38 85 47 14 49 46 23 1 61 74 73 17 0 79 70 10 77 52 92 47 30 34 70 60 43 4 93 18 18 15 81 47 61 44 0 100 35 22 24 50 10 
34 77 70 87 81 24 25 31 19 47 39 44 61 75 55 57 88 91 100 42 19 71 25 48 73 76 63 34 10 52 42 32 44 80 100 67 70 40 28 44 19 51 53 8 59 69 86 90 0 38 73 42 52 13 47 40 41 8 87 65 63 52 31 97 61 76 20 9 70 89 67 98 49 79 61 36 83 75 11 94 16 88 3 83 23 53 83 94 5 43 30 97 42 56 42 75 16 9 46 89 70 16 76 4 74 21 64 80 80 93 73 14 71 100 0 26 98 86 53 47 
21 50 10 47 97 54 13 3 97 44 85 53 63 14 68 44 44 44 11 33 32 63 24 24 27 17 91 52 8 14 98 32 43 74 61 4 76 61 100 10 15 84 65 23 51 85 91 23 82 14 46 46 72 9 85 57 16 73 25 99 6 51 67 26 59 100 82 92 78 23 81 67 27 65 21 15 31 67 16 69 54 49 20 18 25 16 100 84 79 20 0 33 34 24 91 31 41 58 89 9 99 53 18 32 78 86 88 88 64 82 24 30 94 35 26 0 95 69 45 48 
100 53 31 33 17 47 69 82 76 14 11 32 92 52 72 33 39 31 96 6 60 6 55 77 42 23 57 11 58 97 90 40 12 38 18 11 20 86 99 7 65 2 12 100 4 0 80 57 54 10 18 5 67 81 20 93 4 19 8 75 13 86 52 42 89 3 3 5 71 86 60 15 66 82 40 75 12 4 82 18 90 64 14 1 18 99 28 9 5 28 57 69 93 76 4 62 13 17 1 80 32 39 63 96 73 12 75 52 14 47 10 4 48 22 98 95 0 40 23 94 
42 12 2 26 1 34 59 26 16 98 26 24 16 77 82 60 49 79 12 48 26 4 44 62 51 42 70 32 71 68 75 66 60 40 51 61 70 80 58 50 89 85 81 17 100 88 78 44 40 27 99 3 62 27 31 87 60 60 19 57 7 21 91 81 100 4 55 8 100 16 39 12 31 49 65 5 98 49 20 52 15 80 55 69 28 34 30 98 44 89 19 53 88 4 57 14 96 89 10 84 65 31 9 89 29 21 70 54 15 52 47 54 76 24 86 69 40 0 94 89 
85 67 39 32 78 91 87 86 98 22 24 42 25 74 66 1 45 10 46 61 23 52 5 50 5 56 43 39 15 42 7 34 94 94 27 28 71 47 23 61 6 14 17 78 88 68 28 83 5 22 4 38 33 57 75 76 65 60 99 55 32 52 18 29 33 66 21 77 37 89 3 31 96 55 18 21 10 70 92 85 29 74 20 28 87 77 64 16 100 25 98 35 99 87 11 77 42 82 40 48 66 70 21 65 32 90 74 30 0 81 66 35 49 50 53 45 23 94 0 77 
81 43 13 79 13 10 48 45 6 44 35 20 27 0 85 96 12 58 8 5 11 21 22 52 81 72 27 38 58 63 33 59 16 13 56 59 45 91 49 30 3 96 39 73 6 10 82 11 78 88 96 32 100 57 4 57 100 70 93 42 84 16 19 45 3 81 46 70 91 90 42 40 94 51 19 32 32 93 35 13 19 98 70 46 65 87 79 31 84 68 27 85 32 40 20 68 94 56 84 6 20 40 25 55 24 22 4 95 91 100 54 55 31 10 47 48 94 89 77 0 
