1 0 0 0 0 1 0 0 0 0 0 0 0 459
1 0 0 0 0 0 0 0 0 0 0 0 1 439
1 0 0 0 1 0 0 0 0 0 0 0 0 582
1 0 0 0 0 0 0 0 0 0 0 0 1 545
1 0 0 0 0 0 0 0 0 1 0 0 0 589
1 0 0 1 0 0 0 0 0 0 0 0 0 624
1 1 0 0 0 0 0 0 0 0 0 0 0 528
1 0 0 0 0 0 0 1 0 0 0 0 0 646
1 0 0 0 0 1 0 0 0 0 0 0 0 576
1 0 1 0 0 0 0 0 0 0 0 0 0 406
1 0 0 0 0 0 0 1 0 0 0 0 0 451
1 0 0 1 0 0 0 0 0 0 0 0 0 492
1 0 0 0 0 1 0 0 0 0 0 0 0 616
1 0 0 0 1 0 0 0 0 0 0 0 0 438
1 0 0 1 0 0 0 0 0 0 0 0 0 617
1 0 0 0 0 0 1 0 0 0 0 0 0 437
1 0 0 0 0 0 0 0 1 0 0 0 0 568
1 0 0 0 0 0 0 0 0 1 0 0 0 564
1 0 0 0 0 0 0 0 0 0 0 1 0 534
1 0 0 0 0 0 0 0 1 0 0 0 0 468
1 0 0 0 1 0 0 0 0 0 0 0 0 426
1 0 0 0 0 0 0 0 0 1 0 0 0 617
1 0 0 0 0 1 0 0 0 0 0 0 0 493
1 0 0 0 0 1 0 0 0 0 0 0 0 476
1 0 0 0 0 0 0 0 0 0 1 0 0 454
1 0 0 1 0 0 0 0 0 0 0 0 0 467
1 0 0 0 0 1 0 0 0 0 0 0 0 482
1 0 0 0 0 0 0 0 0 1 0 0 0 442
1 1 0 0 0 0 0 0 0 0 0 0 0 637
1 0 0 0 0 0 0 0 0 1 0 0 0 647
1 0 0 0 1 0 0 0 0 0 0 0 0 644
1 0 0 0 1 0 0 0 0 0 0 0 0 485
1 0 0 0 1 0 0 0 0 0 0 0 0 520
1 0 0 0 0 0 0 1 0 0 0 0 0 589
1 0 0 0 0 0 0 0 0 0 1 0 0 415
1 0 0 0 0 0 0 0 0 0 0 0 1 607
1 0 0 0 0 0 0 0 0 0 1 0 0 417
1 0 0 0 0 0 0 0 0 0 1 0 0 410
1 0 0 0 0 0 0 0 0 0 1 0 0 633
1 1 0 0 0 0 0 0 0 0 0 0 0 639
1 0 0 1 0 0 0 0 0 0 0 0 0 568
1 0 0 0 1 0 0 0 0 0 0 0 0 527
1 0 0 0 0 0 0 0 0 0 0 0 1 417
1 0 0 0 0 0 0 0 0 0 0 0 1 469
1 0 0 1 0 0 0 0 0 0 0 0 0 497
1 0 0 0 0 0 0 0 0 0 0 0 1 455
1 0 0 1 0 0 0 0 0 0 0 0 0 598
1 0 0 0 0 0 1 0 0 0 0 0 0 504
1 0 0 0 0 0 0 1 0 0 0 0 0 640
1 0 0 0 0 0 1 0 0 0 0 0 0 495
1 0 0 0 0 0 0 0 0 0 0 1 0 434
1 0 0 0 0 0 1 0 0 0 0 0 0 551
1 1 0 0 0 0 0 0 0 0 0 0 0 450
1 0 0 0 0 0 1 0 0 0 0 0 0 487
1 0 0 1 0 0 0 0 0 0 0 0 0 571
1 0 0 0 0 1 0 0 0 0 0 0 0 513
1 0 1 0 0 0 0 0 0 0 0 0 0 470
1 0 0 0 0 0 0 0 0 0 0 1 0 634
1 0 0 0 0 1 0 0 0 0 0 0 0 444
1 0 1 0 0 0 0 0 0 0 0 0 0 475
1 0 0 0 0 0 1 0 0 0 0 0 0 568
1 0 0 0 0 0 0 0 0 0 0 0 1 541
1 0 0 0 0 0 1 0 0 0 0 0 0 439
1 0 0 0 0 0 1 0 0 0 0 0 0 611
1 0 1 0 0 0 0 0 0 0 0 0 0 568
1 0 0 1 0 0 0 0 0 0 0 0 0 525
1 0 0 0 0 0 0 0 0 0 0 0 1 640
1 0 0 0 0 0 0 0 1 0 0 0 0 625
1 0 0 0 0 0 0 1 0 0 0 0 0 461
1 0 0 0 0 0 1 0 0 0 0 0 0 650
1 0 0 0 0 0 0 0 1 0 0 0 0 613
1 1 0 0 0 0 0 0 0 0 0 0 0 640
1 0 0 0 0 0 1 0 0 0 0 0 0 522
1 0 0 1 0 0 0 0 0 0 0 0 0 489
1 0 0 0 0 0 0 1 0 0 0 0 0 585
1 0 1 0 0 0 0 0 0 0 0 0 0 644
1 0 0 0 0 1 0 0 0 0 0 0 0 506
1 0 0 0 0 0 0 0 1 0 0 0 0 569
1 0 0 0 0 1 0 0 0 0 0 0 0 610
1 0 0 0 0 0 0 0 0 0 1 0 0 569
1 0 0 0 0 0 0 0 0 0 0 0 1 438
1 1 0 0 0 0 0 0 0 0 0 0 0 453
1 0 0 0 0 0 0 0 0 1 0 0 0 559
1 0 0 0 0 0 0 0 0 1 0 0 0 442
1 0 0 0 0 0 0 0 0 1 0 0 0 570
1 0 0 0 0 0 0 0 0 0 1 0 0 429
1 0 0 0 0 0 0 0 0 1 0 0 0 612
1 0 0 0 0 0 0 0 0 1 0 0 0 445
1 0 0 0 0 0 0 0 0 0 0 0 1 536
1 0 0 0 0 0 0 0 1 0 0 0 0 577
1 0 0 0 0 0 0 0 0 0 0 0 1 479
1 0 0 0 0 1 0 0 0 0 0 0 0 556
1 0 0 0 0 1 0 0 0 0 0 0 0 448
1 0 0 0 0 0 1 0 0 0 0 0 0 555
1 0 0 0 0 0 0 0 0 0 0 0 1 612
1 0 0 0 0 0 1 0 0 0 0 0 0 650
1 0 0 1 0 0 0 0 0 0 0 0 0 619
1 0 0 0 1 0 0 0 0 0 0 0 0 407
1 0 0 0 0 0 0 0 0 0 1 0 0 402
1 0 0 0 0 0 0 0 1 0 0 0 0 546
0 6 4 2 5 5 5 4 8 8 4 7 2 6 6 5 6 5 7 5 6 7 7 5 5 4 6 5 6 5 6 1 4 5 5 1 3 8 7 6 6 0 5 4 4 6 6 5 7 6 6 3 7 4 7 4 3 6 7 7 3 5 5 8 4 7 4 6 7 8 4 4 5 6 9 9 5 3 2 6 6 6 5 4 8 5 5 6 3 5 4 5 3 4 5 6 2 7 4 4 
6 0 5 7 6 6 5 6 6 6 7 7 6 3 6 6 1 8 5 2 4 3 4 4 6 5 5 6 6 6 4 4 3 8 4 3 3 6 4 7 5 4 4 5 5 5 7 4 3 6 5 6 3 7 3 7 3 3 6 5 7 5 7 7 2 3 5 4 2 6 4 7 4 6 4 3 5 6 7 5 4 5 7 5 6 4 3 5 2 7 6 5 5 7 4 7 6 6 6 6 
4 5 0 4 5 4 6 7 4 5 5 7 6 4 6 6 3 4 3 4 3 5 6 5 6 8 2 6 3 6 5 4 6 6 5 5 3 5 7 4 3 6 6 2 7 5 5 5 5 6 6 4 4 6 3 4 3 5 5 5 3 7 8 8 4 8 6 4 6 6 7 6 6 5 7 4 4 4 5 5 6 5 4 6 5 6 8 5 6 3 9 5 2 5 5 3 5 6 1 4 
2 7 4 0 5 4 4 7 4 4 4 4 3 5 6 6 8 4 6 7 5 4 6 5 5 4 6 5 5 5 6 2 5 8 3 7 4 4 5 3 6 4 4 6 5 6 5 3 3 4 7 7 5 4 4 7 6 4 5 4 4 7 5 4 4 7 8 6 5 6 5 5 4 4 5 4 5 5 6 2 5 5 4 3 2 3 3 8 5 4 3 5 3 5 7 4 6 4 7 6 
5 6 5 5 0 4 6 5 6 5 5 2 4 3 7 7 3 5 5 2 7 3 3 6 6 2 9 5 3 2 5 6 7 4 8 6 7 3 2 4 4 5 4 5 1 4 4 6 4 5 7 4 6 5 4 6 4 4 6 3 7 7 4 4 8 7 6 4 4 3 6 4 3 6 4 2 3 2 7 4 4 1 7 4 7 7 2 2 4 2 1 7 7 3 5 6 6 5 7 4 
5 6 4 4 4 0 4 5 7 4 6 3 5 3 7 4 6 3 3 6 4 6 5 3 6 6 5 1 6 5 4 4 5 4 5 2 3 4 4 5 5 4 6 8 6 7 4 4 2 4 4 4 4 5 5 8 3 6 6 8 7 3 5 8 6 4 3 6 7 4 4 7 5 7 5 4 5 3 4 6 3 5 7 7 2 4 4 6 5 4 5 7 2 4 4 7 7 1 3 6 
5 5 6 4 6 4 0 7 7 6 2 3 3 4 6 5 5 5 6 4 4 6 7 4 5 7 7 6 4 8 5 4 2 7 6 7 4 6 5 6 6 3 5 6 6 5 8 3 7 4 4 4 3 4 7 4 3 4 6 3 4 6 6 2 2 6 6 6 3 5 4 5 6 3 6 4 5 9 7 7 6 4 6 4 7 7 6 5 5 4 5 4 6 6 5 6 8 7 3 4 
4 6 7 7 5 5 7 0 8 3 4 4 7 6 4 3 5 5 7 3 3 4 6 5 5 5 8 4 4 6 5 6 3 5 2 5 4 4 7 3 5 7 4 3 3 6 5 7 3 4 3 5 4 5 4 4 5 3 5 5 4 3 6 6 4 4 5 6 2 7 2 7 5 8 6 3 3 6 6 6 6 2 5 9 6 6 3 8 5 5 5 7 5 5 5 3 6 4 7 3 
8 6 4 4 6 7 7 8 0 2 4 4 6 5 5 7 6 8 4 4 5 7 4 4 6 6 2 4 6 3 3 5 3 5 3 5 5 6 6 6 4 3 6 5 4 5 2 4 6 6 7 5 3 6 7 4 6 6 3 4 5 8 4 6 5 5 7 4 3 5 4 7 1 3 4 4 4 5 5 5 4 6 5 5 3 7 5 7 7 6 7 4 5 2 6 4 4 5 2 6 
8 6 5 4 5 4 6 3 2 0 4 5 4 2 5 6 4 3 3 5 4 5 7 6 5 5 6 5 6 6 3 8 6 5 6 3 5 4 5 5 3 4 8 6 7 7 5 5 8 8 5 5 6 2 5 1 2 5 2 4 6 3 5 5 3 6 3 7 3 3 3 6 5 1 5 5 7 4 7 7 2 4 3 5 6 6 5 2 1 6 5 5 3 6 4 5 3 7 7 7 
4 7 5 4 5 6 2 4 4 4 0 7 4 8 5 1 3 3 5 8 8 8 4 4 8 5 8 4 1 5 5 5 4 5 4 3 5 6 7 5 6 3 2 5 5 5 5 8 8 4 4 5 7 4 4 5 7 2 2 5 6 5 2 4 5 6 5 7 5 4 3 5 6 4 4 4 9 6 8 5 6 7 7 6 3 3 3 7 7 5 6 7 5 5 3 7 4 3 7 3 
7 7 7 4 2 3 3 4 4 5 7 0 5 7 6 7 4 6 6 7 6 4 6 5 6 8 6 4 6 7 2 6 7 3 4 4 3 4 4 7 6 6 5 5 6 3 4 6 7 5 5 4 6 6 7 5 3 5 4 7 7 4 5 6 4 4 5 5 5 2 2 5 7 3 5 7 7 2 4 4 5 4 4 3 6 5 8 2 5 6 5 5 5 4 7 5 5 5 5 1 
2 6 6 3 4 5 3 7 6 4 4 5 0 3 4 4 2 3 6 7 7 4 5 4 7 4 6 3 5 7 3 7 4 5 4 5 7 9 6 6 4 2 4 6 4 5 2 3 5 6 4 4 7 3 7 6 3 6 5 5 5 7 5 5 2 4 3 3 4 4 3 8 8 7 3 5 6 6 3 6 7 6 3 5 5 4 4 4 2 8 6 6 5 8 5 5 3 6 5 1 
6 3 4 5 3 3 4 6 5 2 8 7 3 0 4 7 2 4 7 4 5 4 7 3 1 5 5 4 5 5 6 7 4 7 5 6 4 7 6 7 7 8 6 2 3 3 7 4 3 6 4 6 4 7 4 3 4 6 4 8 5 3 4 5 5 5 7 8 5 8 6 9 4 7 8 5 7 8 3 7 6 7 4 7 3 5 5 4 6 5 5 5 4 5 7 5 6 6 6 7 
6 6 6 6 7 7 6 4 5 5 5 6 4 4 0 7 8 5 4 5 5 4 3 6 4 7 3 7 5 5 2 3 5 8 3 2 8 5 3 6 7 3 3 6 4 4 6 6 5 7 6 5 4 5 5 5 4 5 1 2 5 4 4 5 4 5 6 6 6 8 6 5 5 6 7 8 7 5 5 5 6 6 5 5 5 6 2 8 4 3 6 2 4 8 5 8 5 4 6 6 
5 6 6 6 7 4 5 3 7 6 1 7 4 7 7 0 8 7 4 4 6 7 4 5 5 4 7 5 7 6 4 5 5 7 2 5 3 3 2 6 6 6 5 4 5 5 4 6 3 5 3 4 1 2 6 5 2 6 3 4 4 5 4 9 4 6 3 4 2 3 5 5 3 2 7 2 3 2 3 7 7 3 4 4 7 2 6 4 5 2 6 6 7 3 5 7 5 3 8 5 
6 1 3 8 3 6 5 5 6 4 3 4 2 2 8 8 0 3 4 5 2 4 5 6 4 7 8 2 6 5 2 5 3 4 4 6 4 5 4 2 2 3 5 4 5 5 5 8 7 6 5 5 3 3 4 6 7 4 6 5 6 7 0 6 4 6 5 5 5 3 4 6 4 6 2 3 3 3 4 3 7 5 3 4 7 6 4 2 5 4 2 7 3 4 5 6 7 5 4 4 
5 8 4 4 5 3 5 5 8 3 3 6 3 4 5 7 3 0 5 4 5 4 3 4 5 5 5 8 4 6 5 5 5 6 7 6 5 6 7 5 7 6 7 4 6 4 6 6 3 3 6 6 3 5 5 5 5 6 7 7 5 5 5 2 3 4 2 6 5 5 4 4 7 6 4 6 4 7 5 5 6 4 8 6 5 4 6 5 2 2 7 8 1 3 4 5 4 5 5 3 
7 5 3 6 5 3 6 7 4 3 5 6 6 7 4 4 4 5 0 6 3 7 7 6 7 4 6 6 6 7 4 8 3 7 9 7 5 8 4 5 6 6 6 2 3 3 7 3 6 6 3 6 6 5 4 4 8 4 7 7 4 9 5 4 5 3 4 3 9 5 4 4 5 5 7 4 6 5 5 3 4 7 5 7 4 4 5 2 6 4 3 6 6 8 6 4 3 3 6 4 
5 2 4 7 2 6 4 3 4 5 8 7 7 4 5 4 5 4 6 0 5 7 4 6 6 7 5 4 9 4 4 6 3 5 4 5 6 5 4 5 2 6 7 8 7 7 3 4 6 6 5 3 3 6 7 5 0 3 5 5 5 5 3 6 7 4 5 7 4 6 7 6 3 5 6 5 3 3 4 8 6 3 4 5 1 1 3 5 3 5 6 4 4 5 6 5 6 4 4 6 
6 4 3 5 7 4 4 3 5 4 8 6 7 5 5 6 2 5 3 5 0 5 4 6 6 4 6 5 4 5 6 8 6 4 5 7 4 6 4 4 5 5 4 6 5 3 6 6 6 5 4 5 7 7 6 5 5 4 2 3 6 6 4 3 5 7 5 5 4 6 7 5 4 5 6 5 1 5 6 3 5 5 8 7 6 7 7 4 4 4 4 5 5 7 1 2 3 4 7 2 
7 3 5 4 3 6 6 4 7 5 8 4 4 4 4 7 4 4 7 7 5 0 7 5 4 6 6 2 4 5 3 2 5 3 6 5 3 5 5 5 1 5 4 5 7 5 7 4 6 7 6 6 4 4 3 6 5 4 7 6 6 3 3 4 7 6 7 4 4 2 7 5 5 7 6 7 4 5 4 8 7 4 5 3 4 6 2 6 5 7 4 3 4 3 5 5 4 4 4 6 
7 4 6 6 3 5 7 6 4 7 4 6 5 7 3 4 5 3 7 4 4 7 0 6 3 6 4 5 6 4 4 4 7 7 4 5 8 5 6 3 7 5 3 7 5 6 4 8 5 6 5 6 8 7 5 4 2 5 5 6 2 4 7 9 3 6 6 1 6 3 6 5 4 7 4 3 8 5 4 6 4 6 5 6 2 7 2 7 3 5 6 5 5 5 4 6 2 8 6 5 
5 4 5 5 6 3 4 5 4 6 4 5 4 3 6 5 6 4 6 6 6 5 6 0 6 2 6 3 5 5 7 7 4 5 5 5 5 4 5 5 6 5 5 7 5 4 2 4 5 5 6 2 3 3 3 5 8 3 3 5 8 6 5 4 3 7 7 5 6 4 4 2 2 4 7 8 4 5 6 6 5 4 6 4 3 5 6 5 6 6 6 6 4 4 4 2 4 6 6 2 
5 6 6 5 6 6 5 5 6 5 8 6 7 1 4 5 4 5 7 6 6 4 3 6 0 4 3 3 6 7 5 4 5 3 7 7 8 4 6 5 4 3 3 6 7 6 5 3 5 3 2 7 3 6 3 4 5 8 5 3 6 3 4 4 2 5 7 5 5 4 5 7 7 3 5 2 8 4 6 3 4 6 8 4 4 4 8 5 4 5 7 5 4 6 5 4 5 6 7 4 
4 5 8 4 2 6 7 5 6 5 5 8 4 5 7 4 7 5 4 7 4 6 6 2 4 0 5 6 7 7 3 8 5 3 6 6 7 6 4 6 4 4 7 4 3 5 3 6 4 6 7 5 7 6 6 7 7 5 5 5 4 7 5 5 5 7 4 6 5 7 5 6 5 7 3 6 3 3 4 4 8 7 6 4 4 7 3 8 5 4 6 4 3 6 3 4 5 5 7 8 
6 5 2 6 9 5 7 8 2 6 8 6 6 5 3 7 8 5 6 5 6 6 4 6 3 5 0 6 4 2 3 5 3 7 4 4 6 5 4 6 9 4 5 6 5 5 4 5 5 4 5 5 4 4 2 6 6 3 2 5 3 4 4 6 6 5 6 6 4 4 4 4 6 4 6 7 5 6 7 4 5 6 2 5 4 7 3 3 3 3 5 5 6 7 4 5 6 8 3 5 
5 6 6 5 5 1 6 4 4 5 4 4 3 4 7 5 2 8 6 4 5 2 5 3 3 6 6 0 5 3 5 7 2 1 3 5 4 3 5 4 4 3 4 10 5 7 5 6 5 2 5 4 5 5 4 5 2 6 4 5 2 6 5 5 6 4 4 8 6 4 5 4 5 7 3 8 4 6 4 4 7 3 7 9 7 4 2 8 3 3 4 6 7 2 2 8 4 4 4 4 
6 6 3 5 3 6 4 4 6 6 1 6 5 5 5 7 6 4 6 9 4 4 6 5 6 7 4 5 0 3 6 6 4 4 6 7 4 6 4 4 6 7 5 6 5 5 7 5 3 4 8 3 5 6 4 6 5 4 8 4 4 3 3 7 4 7 7 4 3 5 6 6 8 4 5 5 6 1 6 2 3 8 6 4 3 7 4 5 3 5 7 5 6 4 5 2 3 5 5 5 
5 6 6 5 2 5 8 6 3 6 5 7 7 5 5 6 5 6 7 4 5 5 4 5 7 7 2 3 3 0 2 4 3 8 5 7 6 4 6 5 3 3 7 4 5 5 5 4 5 7 4 6 3 5 4 8 7 7 4 5 5 6 6 8 4 2 2 8 6 7 7 5 7 3 5 8 4 5 4 6 6 7 5 3 6 5 3 3 9 7 3 6 7 3 6 8 7 5 7 4 
6 4 5 6 5 4 5 5 3 3 5 2 3 6 2 4 2 5 4 4 6 3 4 7 5 3 3 5 6 2 0 7 3 4 4 5 7 3 7 3 5 5 5 6 7 5 4 8 6 4 5 8 6 3 7 6 5 5 3 3 6 5 3 4 6 6 4 3 9 2 8 5 5 3 7 5 3 5 4 7 5 3 3 3 5 4 5 5 2 6 6 4 5 6 4 4 3 7 4 5 
1 4 4 2 6 4 4 6 5 8 5 6 7 7 3 5 5 5 8 6 8 2 4 7 4 8 5 7 6 4 7 0 7 4 6 5 5 5 5 6 4 2 6 5 6 5 7 3 6 5 5 6 5 5 4 8 4 8 7 6 5 2 1 5 6 4 4 5 5 6 5 8 5 4 5 6 7 4 8 3 6 4 3 4 6 5 4 5 7 5 4 7 4 7 3 5 6 5 3 4 
4 3 6 5 7 5 2 3 3 6 4 7 4 4 5 5 3 5 3 3 6 5 7 4 5 5 3 2 4 3 3 7 0 5 4 6 4 3 5 5 7 3 6 5 7 8 5 4 5 5 3 6 7 4 5 8 7 5 5 4 9 4 5 5 6 5 5 8 5 5 4 3 3 4 6 7 7 5 6 7 8 8 3 4 8 6 3 3 5 6 5 3 3 5 4 4 5 8 8 3 
5 8 6 8 4 4 7 5 5 5 5 3 5 7 8 7 4 6 7 5 4 3 7 5 3 3 7 1 4 8 4 4 5 0 6 4 4 6 7 8 3 8 7 5 8 4 5 5 4 3 6 6 4 6 6 8 6 6 5 4 4 5 4 3 5 8 3 4 8 4 6 8 4 6 2 5 7 4 6 6 3 4 3 8 4 4 5 6 6 3 6 5 1 3 6 5 4 5 4 9 
5 4 5 3 8 5 6 2 3 6 4 4 4 5 3 2 4 7 9 4 5 6 4 5 7 6 4 3 6 5 4 6 4 6 0 3 4 7 4 4 7 7 3 5 6 5 5 6 4 4 5 5 5 5 5 3 6 5 6 6 5 5 5 3 6 6 9 6 5 6 8 4 4 4 2 3 7 4 2 7 3 7 4 6 4 6 5 6 6 9 8 6 0 6 6 4 5 2 3 7 
1 3 5 7 6 2 7 5 5 3 3 4 5 6 2 5 6 6 7 5 7 5 5 5 7 6 4 5 7 7 5 5 6 4 3 0 8 4 4 4 4 2 6 6 2 5 5 6 5 3 6 5 6 6 5 7 2 3 7 5 3 5 2 3 4 6 4 5 6 6 5 2 5 3 4 4 9 6 3 7 6 7 4 6 6 5 2 7 4 5 5 3 2 6 6 3 5 5 2 5 
3 3 3 4 7 3 4 4 5 5 5 3 7 4 8 3 4 5 5 6 4 3 8 5 8 7 6 4 4 6 7 5 4 4 4 8 0 5 3 6 6 2 7 8 5 3 7 6 6 3 4 4 6 5 5 8 4 7 5 1 6 5 8 6 5 7 6 6 4 5 6 7 1 7 6 5 6 5 3 4 6 7 6 7 4 2 8 5 5 3 6 4 1 3 4 3 7 3 5 6 
8 6 5 4 3 4 6 4 6 4 6 4 9 7 5 3 5 6 8 5 6 5 5 4 4 6 5 3 6 4 3 5 3 6 7 4 5 0 5 5 5 5 6 7 4 4 7 5 5 7 6 3 8 7 3 7 4 6 9 5 6 5 3 4 3 5 4 6 5 2 6 5 5 4 6 6 5 7 3 6 3 5 2 4 4 6 5 5 5 4 6 2 5 4 4 6 6 4 6 5 
7 4 7 5 2 4 5 7 6 5 7 4 6 6 3 2 4 7 4 4 4 5 6 5 6 4 4 5 4 6 7 5 5 7 4 4 3 5 0 4 4 6 5 7 5 1 2 5 5 5 7 4 5 3 5 4 6 5 4 2 5 6 5 3 4 4 3 4 5 7 5 5 5 6 5 3 4 5 2 4 4 7 8 4 3 5 4 4 6 4 6 4 6 5 6 5 5 4 6 4 
6 7 4 3 4 5 6 3 6 5 5 7 6 7 6 6 2 5 5 5 4 5 3 5 5 6 6 4 4 5 3 6 5 8 4 4 6 5 4 0 4 5 1 6 5 7 5 6 5 7 7 4 6 6 4 3 4 7 5 4 3 7 5 4 6 6 6 3 7 2 6 4 4 5 4 8 6 5 5 5 6 5 5 8 5 4 5 3 7 3 4 7 7 5 5 7 5 4 3 5 
6 5 3 6 4 5 6 5 4 3 6 6 4 7 7 6 2 7 6 2 5 1 7 6 4 4 9 4 6 3 5 4 7 3 7 4 6 5 4 4 0 8 6 4 5 5 7 3 6 9 5 5 4 5 5 4 1 5 1 6 3 5 5 4 5 1 6 6 1 7 7 4 7 5 6 4 4 4 5 4 7 6 2 4 5 4 5 5 6 4 7 5 2 6 4 5 7 5 6 7 
0 4 6 4 5 4 3 7 3 4 3 6 2 8 3 6 3 6 6 6 5 5 5 5 3 4 4 3 7 3 5 2 3 8 7 2 2 5 6 5 8 0 4 3 4 6 7 5 4 7 2 7 5 4 4 5 3 4 6 6 6 4 4 5 6 1 9 6 6 7 6 2 7 5 4 9 7 6 5 3 4 7 6 7 6 5 6 4 6 5 6 5 6 8 4 6 6 6 3 7 
5 4 6 4 4 6 5 4 6 8 2 5 4 6 3 5 5 7 6 7 4 4 3 5 3 7 5 4 5 7 5 6 6 7 3 6 7 6 5 1 6 4 0 6 3 3 7 5 5 4 5 5 4 6 6 4 5 4 6 4 4 7 5 4 6 7 5 7 4 6 7 5 8 5 6 7 3 6 6 7 9 4 7 7 6 6 4 5 4 5 4 8 6 4 6 5 5 4 7 6 
4 5 2 6 5 8 6 3 5 6 5 5 6 2 6 4 4 4 2 8 6 5 7 7 6 4 6 10 6 4 6 5 5 5 5 6 8 7 7 6 4 3 6 0 8 4 7 6 4 4 6 5 7 6 4 4 5 4 5 4 5 4 3 2 5 4 5 2 5 5 5 5 7 3 5 4 8 6 8 5 3 7 6 5 5 3 6 5 8 8 7 3 5 5 4 6 5 3 7 6 
4 5 7 5 1 6 6 3 4 7 5 6 4 3 4 5 5 6 3 7 5 7 5 5 7 3 5 5 5 5 7 6 7 8 6 2 5 4 5 5 5 4 3 8 0 3 5 6 3 8 4 5 3 3 4 4 3 5 5 2 5 7 4 4 3 5 6 6 5 4 4 5 7 3 3 6 9 5 6 3 4 3 5 7 0 4 6 6 4 7 6 5 7 6 5 6 4 3 6 5 
6 5 5 6 4 7 5 6 5 7 5 3 5 3 4 5 5 4 3 7 3 5 6 4 6 5 5 7 5 5 5 5 8 4 5 5 3 4 1 7 5 6 3 4 3 0 6 6 4 2 4 4 3 6 6 6 4 6 7 6 6 4 5 5 5 7 4 6 5 4 5 7 7 5 4 7 5 3 5 4 5 6 9 3 4 6 4 5 5 4 6 4 3 5 5 5 5 3 4 7 
6 7 5 5 4 4 8 5 2 5 5 4 2 7 6 4 5 6 7 3 6 7 4 2 5 3 4 5 7 5 4 7 5 5 5 5 7 7 2 5 7 7 7 7 5 6 0 7 5 5 5 7 5 6 5 5 4 6 6 7 6 5 5 5 4 4 4 2 6 6 5 5 8 5 4 3 3 7 5 5 4 2 5 2 5 5 4 4 7 4 6 7 3 6 4 5 5 3 7 8 
5 4 5 3 6 4 3 7 4 5 8 6 3 4 6 6 8 6 3 4 6 4 8 4 3 6 5 6 5 4 8 3 4 5 6 6 6 5 5 6 3 5 5 6 6 6 7 0 2 5 4 6 3 5 5 5 6 2 6 1 6 4 7 7 5 6 6 5 9 3 5 4 4 6 6 4 4 4 6 6 1 5 4 7 6 7 3 3 5 6 9 5 5 6 6 6 5 7 5 3 
7 3 5 3 4 2 7 3 6 8 8 7 5 3 5 3 7 3 6 6 6 6 5 5 5 4 5 5 3 5 6 6 5 4 4 5 6 5 5 5 6 4 5 4 3 4 5 2 0 7 7 3 7 6 6 5 4 7 7 5 4 5 9 7 6 8 5 4 6 6 2 5 6 5 6 3 7 6 5 4 7 6 5 4 6 5 5 4 4 4 7 3 2 5 4 5 3 3 5 4 
6 6 6 4 5 4 4 4 6 8 4 5 6 6 7 5 6 3 6 6 5 7 6 5 3 6 4 2 4 7 4 5 5 3 4 3 3 7 5 7 9 7 4 4 8 2 5 5 7 0 5 7 7 4 5 5 5 3 7 6 7 5 6 5 4 7 5 4 6 6 6 3 3 5 3 3 6 6 5 7 6 6 7 7 3 5 5 4 5 4 5 4 2 7 6 6 5 4 5 6 
6 5 6 7 7 4 4 3 7 5 4 5 4 4 6 3 5 6 3 5 4 6 5 6 2 7 5 5 8 4 5 5 3 6 5 6 4 6 7 7 5 2 5 6 4 4 5 4 7 5 0 5 7 7 7 6 5 2 3 2 5 6 6 6 1 6 4 4 5 7 5 9 6 6 7 5 4 5 5 5 8 6 5 6 5 7 7 4 5 4 6 5 6 5 5 5 4 4 4 3 
3 6 4 7 4 4 4 5 5 5 5 4 4 6 5 4 5 6 6 3 5 6 6 2 7 5 5 4 3 6 8 6 6 6 5 5 4 3 4 4 5 7 5 5 5 4 7 6 3 7 5 0 6 4 1 6 7 5 4 5 6 6 7 7 1 2 6 8 6 5 5 6 1 5 7 6 4 5 4 4 8 3 7 5 6 4 6 4 7 4 4 5 3 5 6 3 7 5 5 6 
7 3 4 5 6 4 3 4 3 6 7 6 7 4 4 1 3 3 6 3 7 4 8 3 3 7 4 5 5 3 6 5 7 4 5 6 6 8 5 6 4 5 4 7 3 3 5 3 7 7 7 6 0 5 5 4 3 6 6 3 7 2 5 6 4 8 3 6 8 5 3 2 6 5 8 3 5 4 4 5 7 3 6 4 4 6 5 4 4 3 4 4 6 3 5 3 5 5 6 5 
4 7 6 4 5 5 4 5 6 2 4 6 3 7 5 2 3 5 5 6 7 4 7 3 6 6 4 5 6 5 3 5 4 6 5 6 5 7 3 6 5 4 6 6 3 6 6 5 6 4 7 4 5 0 5 5 6 7 5 5 4 2 6 8 4 5 5 6 7 5 7 4 6 2 3 4 3 5 6 8 5 5 6 4 5 3 3 2 7 4 3 7 3 6 1 9 8 5 5 4 
7 3 3 4 4 5 7 4 7 5 4 7 7 4 5 6 4 5 4 7 6 3 5 3 3 6 2 4 4 4 7 4 5 6 5 5 5 3 5 4 5 4 6 4 4 6 5 5 6 5 7 1 5 5 0 5 7 5 7 8 4 5 5 2 5 5 4 7 6 7 5 2 3 3 6 4 3 7 3 7 4 4 5 8 7 6 4 5 6 7 6 4 3 6 6 6 5 6 5 4 
4 7 4 7 6 8 4 4 4 1 5 5 6 3 5 5 6 5 4 5 5 6 4 5 4 7 6 5 6 8 6 8 8 8 3 7 8 7 4 3 4 5 4 4 4 6 5 5 5 5 6 6 4 5 5 0 4 5 5 5 8 8 4 3 5 3 7 6 4 6 6 4 6 6 3 5 7 6 5 4 4 6 3 6 5 4 5 4 7 6 5 4 6 5 4 5 6 6 4 4 
3 3 3 6 4 3 3 5 6 2 7 3 3 4 4 2 7 5 8 0 5 5 2 8 5 7 6 2 5 7 5 4 7 6 6 2 4 4 6 4 1 3 5 5 3 4 4 6 4 5 5 7 3 6 7 4 0 6 2 6 8 7 7 4 5 5 6 4 5 4 2 5 8 5 6 5 5 5 4 5 4 3 4 6 6 5 5 5 5 2 6 5 5 4 6 6 3 6 7 4 
6 3 5 4 4 6 4 3 6 5 2 5 6 6 5 6 4 6 4 3 4 4 5 3 8 5 3 6 4 7 5 8 5 6 5 3 7 6 5 7 5 4 4 4 5 6 6 2 7 3 2 5 6 7 5 5 6 0 5 5 8 7 4 4 7 5 4 6 7 4 4 7 5 6 6 3 5 7 4 7 4 4 6 7 7 5 8 5 4 3 5 6 2 5 7 6 5 4 4 4 
7 6 5 5 6 6 6 5 3 2 2 4 5 4 1 3 6 7 7 5 2 7 5 3 5 5 2 4 8 4 3 7 5 5 6 7 5 9 4 5 1 6 6 5 5 7 6 6 7 7 3 4 6 5 7 5 2 5 0 5 3 5 3 4 5 4 4 7 3 5 6 5 3 4 2 5 4 7 4 8 5 8 5 4 4 7 3 6 5 5 6 6 2 6 5 3 7 6 5 5 
7 5 5 4 3 8 3 5 4 4 5 7 5 8 2 4 5 7 7 5 3 6 6 5 3 5 5 5 4 5 3 6 4 4 6 5 1 5 2 4 6 6 4 4 2 6 7 1 5 6 2 5 3 5 8 5 6 5 5 0 3 6 5 6 4 3 7 6 4 6 6 5 8 4 4 6 4 7 8 5 2 7 4 4 4 5 8 4 8 6 6 6 5 7 7 6 5 5 6 8 
3 7 3 4 7 7 4 4 5 6 6 7 5 5 5 4 6 5 4 5 6 6 2 8 6 4 3 2 4 5 6 5 9 4 5 3 6 6 5 3 3 6 4 5 5 6 6 6 4 7 5 6 7 4 4 8 8 8 3 3 0 5 1 6 6 5 6 8 8 5 4 4 4 4 2 5 7 3 3 5 6 5 5 7 4 4 4 5 5 3 6 4 8 5 3 4 5 4 8 3 
5 5 7 7 7 3 6 3 8 3 5 4 7 3 4 5 7 5 9 5 6 3 4 6 3 7 4 6 3 6 5 2 4 5 5 5 5 5 6 7 5 4 7 4 7 4 5 4 5 5 6 6 2 2 5 8 7 7 5 6 5 0 6 4 6 4 6 7 5 7 8 3 7 6 3 4 8 5 7 7 3 6 5 3 3 6 2 5 6 6 2 6 3 6 5 5 2 5 5 7 
5 7 8 5 4 5 6 6 4 5 2 5 5 4 4 4 0 5 5 3 4 3 7 5 4 5 4 5 3 6 3 1 5 4 5 2 8 3 5 5 5 4 5 3 4 5 5 7 9 6 6 7 5 6 5 4 7 4 3 5 1 6 0 4 2 5 5 7 3 6 7 6 5 5 4 4 4 6 4 6 5 6 4 6 6 5 3 4 3 6 4 4 5 6 5 4 6 1 6 5 
8 7 8 4 4 8 2 6 6 5 4 6 5 5 5 9 6 2 4 6 3 4 9 4 4 5 6 5 7 8 4 5 5 3 3 3 6 4 3 4 4 5 4 2 4 5 5 7 7 5 6 7 6 8 2 3 4 4 4 6 6 4 4 0 4 4 3 5 6 3 3 7 3 4 6 7 8 6 5 6 4 4 4 5 3 5 6 6 8 5 7 4 7 7 4 5 9 6 5 8 
4 2 4 4 8 6 2 4 5 3 5 4 2 5 4 4 4 3 5 7 5 7 3 3 2 5 6 6 4 4 6 6 6 5 6 4 5 3 4 6 5 6 6 5 3 5 4 5 6 4 1 1 4 4 5 5 5 7 5 4 6 6 2 4 0 4 3 2 5 6 3 2 2 8 3 3 5 4 4 7 5 4 5 5 4 5 2 5 5 6 3 5 5 2 5 9 5 3 4 6 
7 3 8 7 7 4 6 4 5 6 6 4 4 5 5 6 6 4 3 4 7 6 6 7 5 7 5 4 7 2 6 4 5 8 6 6 7 5 4 6 1 1 7 4 5 7 4 6 8 7 6 2 8 5 5 3 5 5 4 3 5 4 5 4 4 0 5 6 3 6 5 5 5 6 4 4 4 8 6 4 1 7 5 2 6 5 8 5 7 6 7 3 4 5 6 5 3 5 8 6 
4 5 6 8 6 3 6 5 7 3 5 5 3 7 6 3 5 2 4 5 5 7 6 7 7 4 6 4 7 2 4 4 5 3 9 4 6 4 3 6 6 9 5 5 6 4 4 6 5 5 4 6 3 5 4 7 6 4 4 7 6 6 5 3 3 5 0 5 4 6 6 5 4 5 3 7 3 6 7 5 8 5 4 6 1 4 9 4 3 8 7 8 4 3 5 7 6 5 4 2 
6 4 4 6 4 6 6 6 4 7 7 5 3 8 6 4 5 6 3 7 5 4 1 5 5 6 6 8 4 8 3 5 8 4 6 5 6 6 4 3 6 6 7 2 6 6 2 5 4 4 4 8 6 6 7 6 4 6 7 6 8 7 7 5 2 6 5 0 3 4 7 4 4 6 3 7 6 5 7 4 5 8 4 5 3 5 3 5 5 4 8 6 7 3 6 3 5 4 4 6 
7 2 6 5 4 7 3 2 3 3 5 5 4 5 6 2 5 5 9 4 4 4 6 6 5 5 4 6 3 6 9 5 5 8 5 6 4 5 5 7 1 6 4 5 5 5 6 9 6 6 5 6 8 7 6 4 5 7 3 4 8 5 3 6 5 3 4 3 0 5 6 7 5 3 4 4 5 8 6 5 9 7 4 6 5 4 5 6 5 4 7 6 3 7 5 6 5 5 7 4 
8 6 6 6 3 4 5 7 5 3 4 2 4 8 8 3 3 5 5 6 6 2 3 4 4 7 4 4 5 7 2 6 5 4 6 6 5 2 7 2 7 7 6 5 4 4 6 3 6 6 7 5 5 5 7 6 4 4 5 6 5 7 6 3 6 6 6 4 5 0 6 5 4 7 5 5 4 5 8 7 5 7 6 4 7 7 6 4 9 4 8 4 6 5 6 4 4 4 5 4 
4 4 7 5 6 4 4 2 4 3 3 2 3 6 6 5 4 4 4 7 7 7 6 4 5 5 4 5 6 7 8 5 4 6 8 5 6 6 5 6 7 6 7 5 4 5 5 5 2 6 5 5 3 7 5 6 2 4 6 6 4 8 7 3 3 5 6 7 6 6 0 4 4 3 5 7 4 3 5 5 6 4 7 4 5 6 4 5 7 4 4 6 4 7 3 3 4 8 6 5 
4 7 6 5 4 7 5 7 7 6 5 5 8 9 5 5 6 4 4 6 5 5 5 2 7 6 4 4 6 5 5 8 3 8 4 2 7 5 5 4 4 2 5 5 5 7 5 4 5 3 9 6 2 4 2 4 5 7 5 5 4 3 6 7 2 5 5 4 7 5 4 0 5 2 6 6 3 4 3 5 6 2 1 5 4 7 6 6 5 3 4 4 3 2 7 4 5 5 5 4 
5 4 6 4 3 5 6 5 1 5 6 7 8 4 5 3 4 7 5 3 4 5 4 2 7 5 6 5 8 7 5 5 3 4 4 5 1 5 5 4 7 7 8 7 7 7 8 4 6 3 6 1 6 6 3 6 8 5 3 8 4 7 5 3 2 5 4 4 5 4 4 5 0 8 7 3 6 6 7 5 6 4 2 2 3 5 5 6 5 7 5 6 5 3 4 3 4 7 2 6 
6 6 5 4 6 7 3 8 3 1 4 3 7 7 6 2 6 6 5 5 5 7 7 4 3 7 4 7 4 3 3 4 4 6 4 3 7 4 6 5 5 5 5 3 3 5 5 6 5 5 6 5 5 2 3 6 5 6 4 4 4 6 5 4 8 6 5 6 3 7 3 2 8 0 7 5 5 5 7 5 3 6 4 4 6 4 5 6 5 5 6 8 6 2 3 6 5 7 6 6 
9 4 7 5 4 5 6 6 4 5 4 5 3 8 7 7 2 4 7 6 6 6 4 7 5 3 6 3 5 5 7 5 6 2 2 4 6 6 5 4 6 4 6 5 3 4 4 6 6 3 7 7 8 3 6 3 6 6 2 4 2 3 4 6 3 4 3 3 4 5 5 6 7 7 0 5 3 6 6 3 3 9 3 5 6 4 6 6 4 4 4 5 6 8 4 5 6 5 4 9 
9 3 4 4 2 4 4 3 4 5 4 7 5 5 8 2 3 6 4 5 5 7 3 8 2 6 7 8 5 8 5 6 7 5 3 4 5 6 3 8 4 9 7 4 6 7 3 4 3 3 5 6 3 4 4 5 5 3 5 6 5 4 4 7 3 4 7 7 4 5 7 6 3 5 5 0 4 3 3 6 4 3 5 7 4 3 4 4 2 3 6 4 4 4 5 6 3 4 6 6 
5 5 4 5 3 5 5 3 4 7 9 7 6 7 7 3 3 4 6 3 1 4 8 4 8 3 5 4 6 4 3 7 7 7 7 9 6 5 4 6 4 7 3 8 9 5 3 4 7 6 4 4 5 3 3 7 5 5 4 4 7 8 4 8 5 4 3 6 5 4 4 3 6 5 3 4 0 4 7 6 4 6 6 4 4 7 4 4 6 7 5 4 7 3 5 7 6 4 5 5 
3 6 4 5 2 3 9 6 5 4 6 2 6 8 5 2 3 7 5 3 5 5 5 5 4 3 6 6 1 5 5 4 5 4 4 6 5 7 5 5 4 6 6 6 5 3 7 4 6 6 5 5 4 5 7 6 5 7 7 7 3 5 6 6 4 8 6 5 8 5 3 4 6 5 6 3 4 0 5 3 2 4 7 9 4 5 7 5 4 4 4 4 7 4 3 8 7 7 8 7 
2 7 5 6 7 4 7 6 5 7 8 4 3 3 5 3 4 5 5 4 6 4 4 6 6 4 7 4 6 4 4 8 6 6 2 3 3 3 2 5 5 5 6 8 6 5 5 6 5 5 5 4 4 6 3 5 4 4 4 8 3 7 4 5 4 6 7 7 6 8 5 3 7 7 6 3 7 5 0 8 7 5 5 5 8 6 7 6 6 3 4 6 4 3 6 3 5 6 4 3 
6 5 5 2 4 6 7 6 5 7 5 4 6 7 5 7 3 5 3 8 3 8 6 6 3 4 4 4 2 6 7 3 7 6 7 7 4 6 4 5 4 3 7 5 3 4 5 6 4 7 5 4 5 8 7 4 5 7 8 5 5 7 6 6 7 4 5 4 5 7 5 5 5 5 3 6 6 3 8 0 6 3 3 2 3 5 5 5 5 3 7 6 3 4 5 5 3 3 3 4 
6 4 6 5 4 3 6 6 4 2 6 5 7 6 6 7 7 6 4 6 5 7 4 5 4 8 5 7 3 6 5 6 8 3 3 6 6 3 4 6 7 4 9 3 4 5 4 1 7 6 8 8 7 5 4 4 4 4 5 2 6 3 5 4 5 1 8 5 9 5 6 6 6 3 3 4 4 2 7 6 0 6 7 9 6 6 4 6 3 7 5 4 7 5 5 4 4 7 8 7 
6 5 5 5 1 5 4 2 6 4 7 4 6 7 6 3 5 4 7 3 5 4 6 4 6 7 6 3 8 7 3 4 8 4 7 7 7 5 7 5 6 7 4 7 3 6 2 5 6 6 6 3 3 5 4 6 3 4 8 7 5 6 6 4 4 7 5 8 7 7 4 2 4 6 9 3 6 4 5 3 6 0 3 7 3 3 5 6 2 5 7 6 3 4 8 5 5 4 4 1 
5 7 4 4 7 7 6 5 5 3 7 4 3 4 5 4 3 8 5 4 8 5 5 6 8 6 2 7 6 5 3 3 3 3 4 4 6 2 8 5 2 6 7 6 5 9 5 4 5 7 5 7 6 6 5 3 4 6 5 4 5 5 4 4 5 5 4 4 4 6 7 1 2 4 3 5 6 7 5 3 7 3 0 5 7 4 8 2 5 6 8 5 7 4 3 6 5 3 5 2 
4 5 6 3 4 7 4 9 5 5 6 3 5 7 5 4 4 6 7 5 7 3 6 4 4 4 5 9 4 3 3 4 4 8 6 6 7 4 4 8 4 7 7 5 7 3 2 7 4 7 6 5 4 4 8 6 6 7 4 4 7 3 6 5 5 2 6 5 6 4 4 5 2 4 5 7 4 9 5 2 9 7 5 0 1 6 4 5 1 4 5 6 5 6 5 5 4 4 7 7 
8 6 5 2 7 2 7 6 3 6 3 6 5 3 5 7 7 5 4 1 6 4 2 3 4 4 4 7 3 6 5 6 8 4 4 6 4 4 3 5 5 6 6 5 0 4 5 6 6 3 5 6 4 5 7 5 6 7 4 4 4 3 6 3 4 6 1 3 5 7 5 4 3 6 6 4 4 4 8 3 6 3 7 1 0 3 3 7 4 5 5 6 3 4 6 3 5 2 8 4 
5 4 6 3 7 4 7 6 7 6 3 5 4 5 6 2 6 4 4 1 7 6 7 5 4 7 7 4 7 5 4 5 6 4 6 5 2 6 5 4 4 5 6 3 4 6 5 7 5 5 7 4 6 3 6 4 5 5 7 5 4 6 5 5 5 5 4 5 4 7 6 7 5 4 4 3 7 5 6 5 6 3 4 6 3 0 7 6 2 5 2 4 2 6 4 7 4 7 5 4 
5 3 8 3 2 4 6 3 5 5 3 8 4 5 2 6 4 6 5 3 7 2 2 6 8 3 3 2 4 3 5 4 3 5 5 2 8 5 4 5 5 6 4 6 6 4 4 3 5 5 7 6 5 3 4 5 5 8 3 8 4 2 3 6 2 8 9 3 5 6 4 6 5 5 6 4 4 7 7 5 4 5 8 4 3 7 0 4 5 6 5 4 6 5 4 7 4 4 8 2 
6 5 5 8 2 6 5 8 7 2 7 2 4 4 8 4 2 5 2 5 4 6 7 5 5 8 3 8 5 3 5 5 3 6 6 7 5 5 4 3 5 4 5 5 6 5 4 3 4 4 4 4 4 2 5 4 5 5 6 4 5 5 4 6 5 5 4 5 6 4 5 6 6 6 6 4 4 5 6 5 6 6 2 5 7 6 4 0 2 4 7 3 2 2 4 7 7 4 4 4 
3 2 6 5 4 5 5 5 7 1 7 5 2 6 4 5 5 2 6 3 4 5 3 6 4 5 3 3 3 9 2 7 5 6 6 4 5 5 6 7 6 6 4 8 4 5 7 5 4 5 5 7 4 7 6 7 5 4 5 8 5 6 3 8 5 7 3 5 5 9 7 5 5 5 4 2 6 4 6 5 3 2 5 1 4 2 5 2 0 5 5 4 7 5 6 3 6 3 5 4 
5 7 3 4 2 4 4 5 6 6 5 6 8 5 3 2 4 2 4 5 4 7 5 6 5 4 3 3 5 7 6 5 6 3 9 5 3 4 4 3 4 5 5 8 7 4 4 6 4 4 4 4 3 4 7 6 2 3 5 6 3 6 6 5 6 6 8 4 4 4 4 3 7 5 4 3 7 4 3 3 7 5 6 4 5 5 6 4 5 0 5 6 4 5 6 5 4 4 2 4 
4 6 9 3 1 5 5 5 7 5 6 5 6 5 6 6 2 7 3 6 4 4 6 6 7 6 5 4 7 3 6 4 5 6 8 5 6 6 6 4 7 6 4 7 6 6 6 9 7 5 6 4 4 3 6 5 6 5 6 6 6 2 4 7 3 7 7 8 7 8 4 4 5 6 4 6 5 4 4 7 5 7 8 5 5 2 5 7 5 5 0 4 3 8 6 4 5 7 7 4 
5 5 5 5 7 7 4 7 4 5 7 5 6 5 2 6 7 8 6 4 5 3 5 6 5 4 5 6 5 6 4 7 3 5 6 3 4 2 4 7 5 5 8 3 5 4 7 5 3 4 5 5 4 7 4 4 5 6 6 6 4 6 4 4 5 3 8 6 6 4 6 4 6 8 5 4 4 4 6 6 4 6 5 6 6 4 4 3 4 6 4 0 3 7 4 8 2 5 4 5 
3 5 2 3 7 2 6 5 5 3 5 5 5 4 4 7 3 1 6 4 5 4 5 4 4 3 6 7 6 7 5 4 3 1 0 2 1 5 6 7 2 6 6 5 7 3 3 5 2 2 6 3 6 3 3 6 5 2 2 5 8 3 5 7 5 4 4 7 3 6 4 3 5 6 6 4 7 7 4 3 7 3 7 5 3 2 6 2 7 4 3 3 0 7 5 4 6 7 5 5 
4 7 5 5 3 4 6 5 2 6 5 4 8 5 8 3 4 3 8 5 7 3 5 4 6 6 7 2 4 3 6 7 5 3 6 6 3 4 5 5 6 8 4 5 6 5 6 6 5 7 5 5 3 6 6 5 4 5 6 7 5 6 6 7 2 5 3 3 7 5 7 2 3 2 8 4 3 4 3 4 5 4 4 6 4 6 5 2 5 5 8 7 7 0 4 5 4 3 5 7 
5 4 5 7 5 4 5 5 6 4 3 7 5 7 5 5 5 4 6 6 1 5 4 4 5 3 4 2 5 6 4 3 4 6 6 6 4 4 6 5 4 4 6 4 5 5 4 6 4 6 5 6 5 1 6 4 6 7 5 7 3 5 5 4 5 6 5 6 5 6 3 7 4 3 4 5 5 3 6 5 5 8 3 5 6 4 4 4 6 6 6 4 5 4 0 5 4 5 7 3 
6 7 3 4 6 7 6 3 4 5 7 5 5 5 8 7 6 5 4 5 2 5 6 2 4 4 5 8 2 8 4 5 4 5 4 3 3 6 5 7 5 6 5 6 6 5 5 6 5 6 5 3 3 9 6 5 6 6 3 6 4 5 4 5 9 5 7 3 6 4 3 4 3 6 5 6 7 8 3 5 4 5 6 5 3 7 7 7 3 5 4 8 4 5 5 0 8 3 3 6 
2 6 5 6 6 7 8 6 4 3 4 5 3 6 5 5 7 4 3 6 3 4 2 4 5 5 6 4 3 7 3 6 5 4 5 5 7 6 5 5 7 6 5 5 4 5 5 5 3 5 4 7 5 8 5 6 3 5 7 5 5 2 6 9 5 3 6 5 5 4 4 5 4 5 6 3 6 7 5 3 4 5 5 4 5 4 4 7 6 4 5 2 6 4 4 8 0 8 5 4 
7 6 6 4 5 1 7 4 5 7 3 5 6 6 4 3 5 5 3 4 4 4 8 6 6 5 8 4 5 5 7 5 8 5 2 5 3 4 4 4 5 6 4 3 3 3 3 7 3 4 4 5 5 5 6 6 6 4 6 5 4 5 1 6 3 5 5 4 5 4 8 5 7 7 5 4 4 7 6 3 7 4 3 4 2 7 4 4 3 4 7 5 7 3 5 3 8 0 8 5 
4 6 1 7 7 3 3 7 2 7 7 5 5 6 6 8 4 5 6 4 7 4 6 6 7 7 3 4 5 7 4 3 8 4 3 2 5 6 6 3 6 3 7 7 6 4 7 5 5 5 4 5 6 5 5 4 7 4 5 6 8 5 6 5 4 8 4 4 7 5 6 5 2 6 4 6 5 8 4 3 8 4 5 7 8 5 8 4 5 2 7 4 5 5 7 3 5 8 0 7 
4 6 4 6 4 6 4 3 6 7 3 1 1 7 6 5 4 3 4 6 2 6 5 2 4 8 5 4 5 4 5 4 3 9 7 5 6 5 4 5 7 7 6 6 5 7 8 3 4 6 3 6 5 4 4 4 4 4 5 8 3 7 5 8 6 6 2 6 4 4 5 4 6 6 9 6 5 7 3 4 7 1 2 7 4 4 2 4 4 4 4 5 5 7 3 6 4 5 7 0 
0 0 0 0 1 1 0 1 0 0 0 0 0 0 0 0 0 0 0 0 0 0 0 0 0 0 0 0 0 0 0 0 0 0 1 0 0 0 0 1 0 0 0 0 1 1 0 0 0 0 0 1 0 0 0 0 0 1 0 0 0 0 1 0 0 0 0 2 0 0 1 0 1 0 0 0 0 0 0 0 0 0 1 1 0 0 0 0 1 0 0 0 0 1 1 2 1 0 0 0 
0 0 0 0 1 0 0 0 0 0 0 0 0 0 1 0 0 1 2 0 0 0 0 1 0 0 0 1 0 1 0 0 1 0 0 0 0 0 0 0 1 0 0 0 0 0 0 0 1 0 0 1 0 2 1 0 1 0 0 0 0 0 1 0 1 0 0 0 0 2 1 0 0 1 0 0 0 0 0 0 0 0 0 0 0 0 0 1 1 0 0 0 2 0 0 1 1 0 1 1 
0 0 0 0 0 0 0 0 0 0 0 0 1 0 0 0 0 0 0 0 0 0 0 0 0 0 0 0 0 0 0 0 0 1 0 0 0 0 0 0 0 0 0 0 0 0 0 1 0 0 0 0 0 0 0 0 0 1 0 0 0 0 0 1 0 0 0 0 0 0 0 0 0 0 0 0 0 0 0 0 0 0 0 0 0 0 0 1 0 1 1 0 0 0 0 0 1 0 0 0 
0 0 0 0 0 0 0 0 0 0 0 0 0 0 0 0 0 0 0 0 0 2 0 2 0 0 0 0 0 0 0 0 0 0 0 1 0 0 1 0 2 0 0 0 0 0 1 1 0 0 0 0 0 0 0 1 0 1 0 0 1 0 1 0 1 1 0 1 0 1 0 0 1 0 0 1 0 0 0 0 0 1 0 1 1 0 1 0 0 0 0 1 0 0 0 0 1 1 0 0 
1 1 0 0 0 0 0 0 0 0 0 1 0 0 1 0 0 0 1 0 0 0 0 0 0 0 1 0 0 0 0 0 1 0 0 0 0 0 0 0 0 0 2 0 0 0 0 0 1 0 0 0 0 0 0 0 0 0 0 0 1 0 1 0 1 1 0 1 0 1 0 0 1 1 0 1 0 0 0 0 1 0 0 0 0 0 0 0 1 0 0 0 2 0 0 2 1 0 1 0 
1 0 0 0 0 0 0 1 0 0 0 0 1 0 0 0 0 0 0 0 0 1 0 0 0 0 0 0 0 0 0 0 0 0 1 1 0 0 0 1 0 0 1 1 0 1 0 1 0 0 0 0 0 0 0 0 1 0 0 0 0 0 0 1 0 0 1 0 0 1 2 0 0 0 0 0 1 0 1 0 1 0 1 1 0 0 1 1 0 0 0 0 0 1 1 2 0 0 0 0 
0 0 0 0 0 0 0 0 0 0 1 0 0 0 0 0 1 0 0 0 0 0 0 0 1 0 0 1 0 0 0 0 0 0 0 0 0 0 0 0 0 0 1 0 0 0 0 0 0 0 0 0 0 0 0 0 0 0 1 0 0 0 1 0 0 0 0 0 0 0 0 0 0 1 0 0 0 0 0 0 0 0 0 0 0 0 0 0 1 0 0 0 0 0 0 0 0 0 0 0 
1 0 0 0 0 1 0 0 0 0 0 0 0 0 0 0 0 0 0 0 0 0 0 0 0 0 0 0 0 0 0 0 0 0 1 0 0 0 0 1 0 0 0 0 0 1 0 0 0 0 0 0 0 0 0 0 0 0 0 0 0 0 0 0 0 0 0 0 0 0 1 0 0 0 0 0 0 0 0 0 0 0 0 1 0 0 0 0 0 0 0 0 0 1 0 1 0 0 0 0 
0 0 0 0 0 0 0 0 0 1 0 1 0 0 0 2 0 0 0 2 0 1 0 0 0 1 0 1 0 0 0 1 0 0 0 0 0 0 0 0 0 0 0 1 1 1 0 1 0 0 0 0 1 0 0 0 1 0 0 0 0 1 0 0 0 0 0 0 0 0 0 0 0 0 0 0 0 0 1 1 0 0 0 0 0 0 1 0 0 0 1 0 0 0 0 0 0 0 0 0 
0 0 0 0 0 0 0 0 1 0 0 1 0 0 0 0 0 0 0 1 1 0 1 0 0 1 0 1 0 0 0 0 0 0 0 0 1 0 0 0 0 0 0 0 0 1 0 1 0 0 0 0 0 0 1 0 0 0 0 0 1 0 0 0 0 0 1 0 0 0 0 1 0 0 0 0 0 0 0 0 1 0 2 0 0 0 0 0 0 1 0 1 0 1 0 0 0 0 0 1 
0 0 0 0 0 0 1 0 0 0 0 0 0 0 0 0 1 0 0 0 0 0 0 0 1 0 0 1 0 0 0 0 0 0 0 0 0 0 0 0 0 0 1 0 0 0 0 0 0 0 0 0 0 0 0 0 0 0 1 0 0 0 1 0 0 0 0 0 0 0 0 0 0 1 0 0 0 0 0 0 0 0 0 0 0 0 0 0 1 0 0 0 0 0 0 0 0 0 0 0 
0 0 0 0 1 0 0 0 1 1 0 0 0 0 0 1 0 1 0 1 0 0 0 0 0 0 0 2 1 0 0 0 0 0 0 0 0 0 0 0 0 1 1 1 0 1 0 2 0 0 0 1 0 0 0 0 0 0 1 1 0 1 0 0 0 1 0 0 0 0 0 0 0 0 0 0 1 1 0 0 1 0 0 0 0 1 1 0 0 0 0 0 0 0 1 1 0 0 0 1 
0 0 1 0 0 1 0 0 0 0 0 0 0 0 0 0 0 0 1 0 0 1 0 0 0 0 0 0 0 1 0 0 0 1 0 0 0 0 0 0 0 0 0 1 0 0 0 1 0 0 0 0 0 0 1 0 1 1 0 1 0 1 0 3 0 0 0 0 0 0 0 0 0 0 0 0 0 0 1 0 0 0 0 0 0 0 0 1 0 1 1 0 0 0 0 0 1 0 0 0 
0 0 0 0 0 0 0 0 0 0 0 0 0 0 0 0 0 0 0 1 0 0 0 0 0 0 0 0 0 1 0 0 0 0 0 0 0 0 0 0 0 0 0 0 1 0 0 0 0 1 1 0 0 0 0 1 0 0 0 0 0 0 0 0 0 1 1 0 0 0 0 0 0 0 1 0 0 0 0 0 0 0 0 0 0 0 0 0 0 0 0 0 0 0 0 0 0 0 0 0 
0 1 0 0 1 0 0 0 0 0 0 0 0 0 0 0 1 0 1 0 0 0 0 0 0 0 1 0 0 0 0 0 1 0 0 0 0 0 0 0 1 0 1 1 0 0 0 0 1 0 1 1 0 0 0 1 0 0 1 0 0 0 0 1 2 0 0 0 0 1 0 0 1 0 0 0 0 0 0 0 0 0 1 1 2 0 0 0 1 0 0 0 1 1 1 0 0 0 1 0 
0 0 0 0 0 0 0 0 2 0 0 1 0 0 0 0 0 2 0 1 0 1 0 0 0 1 0 0 0 0 0 1 0 0 0 2 0 0 0 0 0 0 0 2 1 0 1 0 0 0 0 0 1 0 0 0 1 0 0 0 0 1 0 0 0 1 0 0 0 0 0 0 1 1 0 0 0 0 2 1 0 0 0 0 0 0 2 0 0 1 2 0 0 0 0 0 0 0 0 0 
0 0 0 0 0 0 1 0 0 0 1 0 0 0 1 0 0 0 0 0 0 0 1 0 1 0 0 1 0 1 0 0 0 0 0 0 0 0 0 0 1 0 1 0 0 1 1 0 0 1 1 0 0 0 0 0 0 0 2 1 0 0 1 0 0 0 0 0 0 0 0 0 0 1 0 0 0 0 0 0 0 0 0 0 1 0 0 0 2 0 0 0 0 1 0 0 0 0 0 0 
0 1 0 0 0 0 0 0 0 0 0 1 0 0 0 2 0 0 1 0 0 0 0 0 0 0 0 0 1 0 0 0 0 0 0 2 0 0 0 0 1 1 0 0 1 0 1 0 0 0 0 2 0 2 0 0 0 0 0 1 0 1 0 0 0 0 1 0 0 0 1 0 1 1 0 0 1 1 1 0 0 0 0 0 0 1 0 0 0 1 1 0 1 0 0 0 0 0 0 0 
0 2 0 0 1 0 0 0 0 0 0 0 1 0 1 0 0 1 0 0 0 0 0 0 0 0 0 0 0 1 0 0 1 0 0 0 0 0 0 0 1 0 0 0 0 0 0 0 1 0 0 1 0 1 1 0 0 0 0 1 0 1 0 1 1 0 0 0 0 1 1 0 0 0 0 0 0 0 0 0 0 0 0 0 0 0 0 0 0 0 0 0 2 0 0 0 0 0 1 0 
0 0 0 0 0 0 0 0 2 1 0 1 0 1 0 1 0 0 0 0 0 0 0 0 0 0 0 1 0 1 0 0 0 0 0 0 0 0 0 0 0 0 0 0 2 1 0 1 0 1 1 0 0 0 0 1 0 0 0 0 0 1 0 0 0 1 1 0 0 0 0 0 0 0 1 0 0 0 0 0 0 0 0 0 0 0 1 0 0 0 1 0 0 0 0 0 0 0 0 0 
0 0 0 0 0 0 0 0 0 1 0 0 0 0 0 0 0 0 0 0 0 0 1 0 0 0 0 0 0 0 0 0 0 0 0 0 1 0 0 0 0 0 0 0 0 0 0 0 0 0 0 0 0 0 1 0 0 0 0 0 1 0 0 0 0 0 0 0 0 0 0 1 0 0 0 0 0 0 0 0 1 0 1 0 0 0 0 0 0 0 0 0 0 0 0 0 0 0 0 1 
0 0 0 2 0 1 0 0 1 0 0 0 1 0 0 1 0 0 0 0 0 0 0 0 0 1 0 0 0 0 0 1 0 0 0 0 0 0 0 0 0 0 0 2 0 0 1 1 0 0 0 0 1 0 0 1 2 0 0 0 0 0 1 2 1 1 1 0 0 0 0 0 0 0 0 0 0 0 2 1 0 0 0 0 0 0 0 0 0 0 0 1 0 1 0 0 1 0 0 0 
0 0 0 0 0 0 0 0 0 1 0 0 0 0 0 0 1 0 0 0 1 0 0 0 0 1 0 0 0 1 0 0 0 0 0 0 1 0 0 0 0 0 0 1 0 1 1 0 0 2 0 0 0 1 1 0 0 0 0 1 1 0 0 0 0 0 0 0 0 0 0 1 0 0 0 0 0 1 0 0 1 0 1 1 0 0 0 0 0 0 0 0 0 0 0 0 0 0 0 1 
0 1 0 2 0 0 0 0 0 0 0 0 0 0 0 0 0 0 0 0 0 0 0 0 0 0 0 0 0 0 0 0 0 0 0 1 0 0 1 0 1 0 0 0 0 0 0 0 0 0 0 0 0 0 0 0 1 1 0 0 1 0 0 0 0 1 0 1 0 0 0 0 1 0 0 1 0 0 0 0 0 1 0 0 1 0 1 1 0 0 0 0 0 0 0 1 1 1 0 1 
0 0 0 0 0 0 1 0 0 0 1 0 0 0 0 0 1 0 0 0 0 0 0 0 0 0 0 1 0 0 0 0 0 0 0 0 0 0 0 0 0 0 1 0 0 0 0 0 0 0 0 0 0 0 0 0 0 0 1 0 0 0 1 0 0 0 0 0 0 0 0 0 0 1 0 0 0 0 0 0 0 0 0 0 0 0 0 0 1 0 0 0 0 0 0 0 0 0 0 0 
0 0 0 0 0 0 0 0 1 1 0 0 0 0 0 1 0 0 0 0 0 1 1 0 0 0 0 0 0 0 0 1 0 0 0 0 0 0 0 0 0 0 0 2 0 1 0 0 0 2 0 1 1 1 0 0 1 0 0 0 0 1 0 0 0 0 1 0 0 0 0 0 0 0 0 0 0 1 1 1 0 0 1 1 1 0 0 1 0 1 1 1 0 2 0 0 0 0 0 0 
0 0 0 0 1 0 0 0 0 0 0 0 0 0 1 0 0 0 0 0 0 0 0 0 0 0 0 0 0 0 1 0 0 0 0 0 0 1 0 0 0 0 1 0 0 0 1 0 0 0 0 0 0 1 0 1 0 0 0 0 1 0 0 0 1 1 0 0 1 0 0 0 1 0 0 2 0 0 0 0 1 0 0 1 1 0 0 0 0 0 0 1 1 0 1 0 0 0 0 0 
0 1 0 0 0 0 1 0 1 1 1 2 0 0 0 0 1 0 0 1 0 0 0 0 1 0 0 0 0 0 0 0 0 0 0 0 0 0 0 0 1 0 1 0 0 1 0 2 0 1 0 0 0 1 0 0 0 0 2 0 0 0 1 0 0 0 0 0 0 0 0 0 0 2 0 0 0 0 0 0 1 0 0 0 0 0 0 0 3 0 1 0 0 0 1 0 0 0 0 1 
0 0 0 0 0 0 0 0 0 0 0 1 0 0 0 0 0 1 0 0 0 0 0 0 0 0 0 0 0 0 0 0 0 0 0 0 0 0 0 0 0 1 0 0 0 0 0 0 0 0 0 1 0 0 0 0 0 0 0 1 0 1 0 0 0 0 0 0 0 0 0 0 0 0 0 0 1 1 0 0 0 0 0 0 0 1 0 0 0 0 0 0 0 0 0 0 0 0 0 0 
0 1 0 0 0 0 0 0 0 0 0 0 1 1 0 0 1 0 1 1 0 0 1 0 0 0 0 0 0 0 0 0 0 0 0 0 0 0 0 0 0 0 0 0 2 1 1 0 0 2 1 0 0 0 3 1 0 0 0 2 1 1 1 1 0 1 1 0 0 1 0 0 0 0 1 0 0 0 0 0 1 0 0 0 0 0 0 0 0 0 0 0 0 0 0 0 0 0 0 0 
0 0 0 0 0 0 0 0 0 0 0 0 0 0 0 0 0 0 0 0 0 0 0 0 0 0 1 0 0 0 0 0 0 0 0 0 0 1 0 0 0 0 0 0 0 0 1 0 0 0 0 0 0 1 0 0 0 0 0 0 0 0 0 0 0 0 0 0 1 0 0 0 0 0 0 1 0 0 0 0 0 0 0 0 1 0 0 0 0 0 0 1 0 0 1 0 0 0 0 0 
0 0 0 0 0 0 0 0 1 0 0 0 0 0 0 1 0 0 0 0 0 1 0 0 0 1 0 0 0 0 0 0 0 0 0 0 0 0 0 0 0 0 0 1 0 0 0 0 0 0 0 0 1 0 0 0 1 0 0 0 0 0 0 0 0 0 0 0 0 0 0 0 0 0 0 0 0 0 1 1 0 0 0 0 0 0 0 0 0 0 0 0 0 0 0 0 0 0 0 0 
0 1 0 0 1 0 0 0 0 0 0 0 0 0 1 0 0 0 1 0 0 0 0 0 0 0 0 0 0 0 0 0 0 0 0 0 0 0 0 0 0 0 0 0 0 0 0 0 1 0 0 0 0 0 0 0 0 0 0 0 0 0 0 0 1 0 0 0 0 1 0 0 0 0 0 0 0 0 0 0 0 0 0 0 0 0 0 0 0 0 0 0 1 0 0 0 0 0 1 0 
0 0 1 0 0 0 0 0 0 0 0 0 1 0 0 0 0 0 0 0 0 0 0 0 0 0 0 0 0 0 0 0 0 0 0 0 0 0 0 0 0 0 0 0 0 0 0 1 0 0 0 0 0 0 0 0 0 1 0 0 0 0 0 1 0 0 0 0 0 0 0 0 0 0 0 0 0 0 0 0 0 0 0 0 0 0 0 1 0 1 1 0 0 0 0 0 1 0 0 0 
1 0 0 0 0 1 0 1 0 0 0 0 0 0 0 0 0 0 0 0 0 0 0 0 0 0 0 0 0 0 0 0 0 0 0 0 0 0 0 1 0 0 0 0 0 1 0 0 0 0 0 0 0 0 0 0 0 0 0 0 0 0 0 0 0 0 0 0 0 0 1 0 0 0 0 0 0 0 0 0 0 0 0 1 0 0 0 0 0 0 0 0 0 1 0 1 0 0 0 0 
0 0 0 1 0 1 0 0 0 0 0 0 0 0 0 2 0 2 0 0 0 0 0 1 0 0 0 0 0 0 0 0 0 0 0 0 0 0 1 0 1 0 0 0 0 0 1 0 0 0 1 0 0 0 1 0 0 0 0 0 0 0 0 0 0 0 0 1 0 1 0 0 2 2 0 0 1 1 1 0 1 1 0 0 0 0 1 2 0 1 1 0 0 0 0 1 0 1 0 0 
0 0 0 0 0 0 0 0 0 1 0 0 0 0 0 0 0 0 0 0 1 0 1 0 0 0 0 0 0 0 0 0 0 0 0 0 0 0 0 0 0 0 0 0 0 0 0 0 0 0 0 0 0 0 1 0 0 0 0 0 1 0 0 0 0 0 0 0 0 0 0 1 0 0 0 0 0 0 0 0 1 0 1 0 0 0 0 0 0 0 0 0 0 0 0 0 0 0 0 1 
0 0 0 0 0 0 0 0 0 0 0 0 0 0 0 0 0 0 0 0 0 0 0 0 0 0 1 0 0 0 1 0 0 0 0 0 0 0 0 0 0 0 0 0 0 0 1 0 0 0 0 0 0 1 0 0 0 0 0 0 0 0 0 0 0 0 0 0 1 0 0 0 0 0 0 1 0 0 0 0 0 0 0 0 1 0 0 0 0 0 0 1 0 0 1 0 0 0 0 0 
0 0 0 1 0 0 0 0 0 0 0 0 0 0 0 0 0 0 0 0 0 0 0 1 0 0 0 0 0 0 0 0 0 0 0 1 0 0 0 0 1 0 0 0 0 0 0 0 0 0 0 0 0 0 0 0 0 0 0 0 0 0 0 0 0 0 0 1 0 0 0 0 1 0 0 0 0 0 0 0 0 1 0 0 0 0 1 0 0 0 0 0 0 0 0 0 0 1 0 0 
1 0 0 0 0 1 0 1 0 0 0 0 0 0 0 0 0 0 0 0 0 0 0 0 0 0 0 0 0 0 0 0 0 0 1 0 0 0 0 0 0 0 0 0 0 1 0 0 0 0 0 0 0 0 0 0 0 0 0 0 0 0 0 0 0 0 0 0 0 0 1 0 0 0 0 0 0 0 0 0 0 0 0 1 0 0 0 0 0 0 0 0 0 1 0 1 0 0 0 0 
0 1 0 2 0 0 0 0 0 0 0 0 0 0 1 0 1 1 1 0 0 0 0 1 0 0 0 1 0 0 0 0 0 0 0 1 0 0 1 0 0 0 0 0 0 0 0 0 0 1 1 1 0 1 0 0 0 0 1 0 0 0 0 0 0 0 0 1 0 1 1 0 1 0 0 0 0 0 0 0 0 1 0 1 1 0 1 0 2 0 1 0 1 1 0 0 0 1 0 0 
0 0 0 0 0 0 0 0 0 0 0 1 0 0 0 0 0 1 0 0 0 0 0 0 0 0 0 0 1 0 0 0 0 0 0 0 0 0 0 0 0 0 0 0 0 0 0 0 0 0 0 1 0 0 0 0 0 0 0 1 0 1 0 0 0 0 0 0 0 0 0 0 0 0 0 0 1 1 0 0 0 0 0 0 0 1 0 0 0 0 0 0 0 0 0 0 0 0 0 0 
0 0 0 0 2 1 1 0 0 0 1 1 0 0 1 0 1 0 0 0 0 0 0 0 1 0 1 1 0 0 0 0 0 0 0 0 0 0 0 0 0 0 0 0 0 0 0 0 0 0 0 0 0 0 0 1 0 0 1 0 0 0 1 0 1 0 1 0 0 1 1 0 2 2 0 0 1 0 0 0 0 0 0 1 0 0 1 0 1 0 0 0 0 0 0 1 0 0 0 0 
0 0 0 0 0 1 0 0 1 0 0 1 1 0 1 2 0 0 0 0 0 2 1 0 0 2 0 0 0 0 0 1 0 0 0 0 0 0 0 0 0 0 0 0 0 0 0 0 0 1 0 1 1 1 0 0 2 0 0 0 0 0 0 1 0 1 0 0 0 0 0 0 0 0 0 0 0 1 2 1 0 0 0 1 1 0 1 0 0 0 0 0 0 0 0 0 0 0 0 0 
1 0 0 0 0 0 0 0 1 0 0 0 0 1 0 1 0 1 0 2 0 0 0 0 0 0 0 0 0 2 0 0 0 0 0 0 0 0 0 0 0 0 0 0 0 0 0 0 0 1 1 1 0 1 1 1 0 1 0 0 1 1 0 0 0 1 2 1 0 0 0 0 1 0 1 0 0 0 0 0 1 0 1 0 0 0 1 0 0 0 1 0 0 0 1 0 0 0 0 0 
1 0 0 0 0 1 0 1 1 1 0 1 0 0 0 0 1 0 0 1 0 0 1 0 0 1 0 1 0 1 0 0 0 0 1 0 0 0 0 1 0 0 0 0 0 0 2 1 0 2 0 0 0 0 0 0 0 0 0 1 1 0 0 0 0 0 0 0 0 0 1 0 0 0 0 0 0 0 0 0 0 0 0 2 0 0 0 1 0 0 1 0 0 1 0 1 0 0 0 0 
0 0 0 1 0 0 0 0 0 0 0 0 0 0 0 1 1 1 0 0 0 1 1 0 0 0 1 0 0 1 1 0 0 0 0 1 0 1 0 0 0 0 0 0 0 2 0 0 0 1 0 0 0 1 0 1 0 0 0 1 1 0 1 0 1 0 0 0 1 0 0 0 1 0 0 1 0 0 0 0 0 0 0 1 1 0 0 0 0 0 0 2 0 0 1 0 0 0 0 0 
0 0 1 1 0 1 0 0 1 1 0 2 1 0 0 0 0 0 0 1 0 1 0 0 0 0 0 2 0 0 0 0 0 1 0 0 0 0 0 0 0 0 0 0 0 1 0 0 0 0 0 0 0 0 0 0 0 1 1 0 0 0 0 1 0 0 0 0 0 0 0 0 0 0 0 0 0 0 0 0 1 0 1 0 0 0 0 1 0 1 1 0 0 0 2 0 2 0 0 1 
0 1 0 0 1 0 0 0 0 0 0 0 0 0 1 0 0 0 1 0 0 0 0 0 0 0 0 0 0 0 0 0 1 0 0 0 0 0 0 0 0 0 0 0 0 0 0 0 0 0 0 0 0 0 0 0 0 0 0 0 0 0 0 0 1 0 0 0 0 1 0 0 0 0 0 0 0 0 0 0 0 0 0 0 0 0 0 0 0 0 0 0 1 0 0 0 0 0 1 0 
0 0 0 0 0 0 0 0 0 0 0 0 0 1 0 0 1 0 0 1 0 0 2 0 0 2 0 1 0 2 0 0 0 0 0 0 0 0 0 0 1 0 0 1 1 2 1 0 0 0 1 0 0 1 0 1 0 0 0 1 0 0 0 0 0 1 1 0 0 0 0 0 0 0 1 0 0 1 0 0 0 0 0 1 0 0 0 1 1 0 2 0 0 0 0 0 0 0 0 0 
0 0 0 0 0 0 0 0 0 0 0 0 0 1 1 0 1 0 0 1 0 0 0 0 0 0 0 0 0 1 0 0 0 0 0 1 0 0 0 0 1 0 0 0 1 0 0 0 0 1 0 0 0 0 1 1 0 0 1 0 0 0 0 0 0 1 1 0 0 1 0 0 0 1 1 0 1 1 0 0 0 0 0 0 1 0 0 1 1 0 0 0 0 1 0 0 0 0 0 0 
1 1 0 0 0 0 0 0 0 0 0 1 0 0 1 0 0 2 1 0 0 0 0 0 0 1 0 0 1 0 0 0 0 0 0 0 0 0 0 0 1 1 0 1 1 0 0 0 0 0 0 0 0 1 0 0 0 1 0 1 0 2 0 0 0 0 0 1 0 0 1 0 1 0 0 0 1 1 0 0 0 0 1 0 2 1 0 0 0 0 0 0 1 1 1 0 0 0 0 0 
0 0 0 0 0 0 0 0 1 0 0 0 0 0 0 1 0 0 0 0 0 1 0 0 0 1 0 0 0 0 0 1 0 0 0 0 0 0 0 0 0 0 0 1 0 0 0 0 0 0 0 0 0 0 0 0 1 0 0 0 0 0 0 0 0 0 0 0 0 0 0 0 0 0 0 0 0 0 1 1 0 0 0 0 0 0 0 0 0 0 0 0 0 0 0 0 0 0 0 0 
0 2 0 0 0 0 0 0 0 0 0 0 0 0 0 0 0 2 1 0 0 0 1 0 0 1 1 1 0 0 1 0 0 0 0 0 0 1 0 0 1 0 0 1 1 0 1 0 0 1 0 1 0 0 0 0 0 0 0 0 0 0 0 0 0 0 1 0 1 0 1 0 0 1 0 1 0 1 0 0 0 0 0 1 1 0 0 0 1 0 0 1 1 0 1 0 0 0 0 0 
0 1 0 0 0 0 0 0 0 1 0 0 1 0 0 0 0 0 1 0 1 0 1 0 0 0 0 0 0 3 0 0 0 0 0 1 1 0 0 0 0 0 0 0 1 0 0 0 0 0 1 0 0 0 0 0 0 0 0 1 2 1 1 1 0 0 0 0 0 2 0 1 0 1 0 0 1 1 0 0 2 0 1 0 0 0 0 1 0 0 0 0 0 0 0 0 0 0 0 1 
0 0 0 1 0 0 0 0 0 0 0 0 0 1 1 0 0 0 0 1 0 1 0 0 0 0 1 0 0 1 0 0 0 0 0 0 0 0 0 0 0 0 1 0 1 0 1 0 0 1 1 0 0 0 0 0 0 0 0 0 0 0 1 0 2 1 1 0 0 0 0 0 1 0 1 0 0 0 0 0 0 0 0 1 0 0 0 0 0 0 0 1 0 0 0 0 0 0 0 0 
0 1 0 0 0 1 0 0 1 0 0 0 1 0 0 1 0 0 0 0 0 2 0 1 0 1 0 0 0 0 0 1 0 0 0 0 0 0 0 0 0 0 0 2 0 0 0 0 0 0 0 0 1 0 0 0 0 0 0 0 0 0 0 1 0 0 0 0 0 0 0 0 0 0 0 0 0 0 2 1 0 0 0 0 0 0 0 1 0 0 0 0 0 0 0 1 1 0 0 1 
1 0 1 1 0 0 0 0 0 0 0 0 1 0 0 0 0 0 0 0 0 0 0 1 0 0 0 0 0 0 0 0 0 1 0 0 0 0 0 0 0 0 0 0 1 0 0 1 0 0 0 1 0 0 0 0 0 0 0 0 1 0 0 1 0 1 0 1 0 0 0 0 1 0 0 1 0 0 0 0 0 0 1 0 1 0 0 1 0 1 1 0 0 0 1 0 1 0 0 0 
0 0 0 0 0 0 1 0 0 0 1 1 0 0 1 0 2 0 0 0 0 0 0 0 1 0 0 2 0 0 0 0 0 0 0 0 0 0 0 0 1 0 1 0 0 0 0 1 0 0 1 0 0 0 0 0 0 0 0 0 0 0 1 0 0 0 0 0 0 0 0 0 0 1 0 0 0 0 0 0 1 0 0 0 1 0 0 0 2 0 0 0 0 1 1 0 0 0 0 1 
0 0 0 0 0 0 0 0 0 0 0 1 1 0 0 0 1 1 1 0 0 0 1 0 0 0 0 0 1 2 0 0 0 0 0 0 0 0 0 0 0 1 0 0 0 1 1 0 0 1 0 1 0 0 1 0 0 0 0 0 0 2 0 1 0 0 0 0 0 0 0 0 0 0 0 0 1 1 0 0 0 0 0 0 0 1 0 0 0 0 0 0 0 0 0 0 0 0 0 0 
0 0 0 1 1 0 0 0 0 1 0 0 0 0 0 0 0 0 0 0 1 0 1 1 0 0 1 0 0 1 0 0 0 0 0 0 1 0 0 0 0 0 0 0 1 1 1 0 0 0 0 0 0 0 2 0 0 1 0 0 0 0 0 0 0 2 0 0 0 0 0 1 0 0 0 2 0 0 0 0 3 0 1 1 1 0 0 0 0 0 0 0 1 0 0 0 0 0 0 1 
0 0 0 0 0 0 0 0 1 0 0 1 1 0 0 1 0 1 1 1 0 0 0 0 0 1 0 0 1 1 0 0 0 0 0 0 0 0 0 0 0 1 0 0 1 0 0 0 0 0 0 2 0 0 1 0 0 0 0 2 0 0 1 1 0 0 0 0 0 0 0 0 0 0 0 0 1 1 0 0 0 0 0 0 1 1 2 0 0 0 1 0 0 1 0 0 1 0 0 0 
1 1 0 1 1 0 1 0 0 0 1 0 0 0 0 0 1 0 0 0 0 1 0 0 1 0 0 1 0 1 0 0 0 0 0 0 0 0 0 0 0 0 1 0 0 0 1 0 0 0 0 0 0 0 1 1 0 0 1 0 0 1 0 0 1 0 0 1 0 1 0 0 0 1 0 0 0 0 0 0 0 0 0 0 0 0 1 0 2 0 0 1 0 0 0 1 2 0 0 0 
0 0 1 0 0 1 0 0 0 0 0 0 3 0 1 0 0 0 1 0 0 2 0 0 0 0 0 0 0 1 0 0 0 1 0 0 0 0 0 0 0 0 0 1 0 0 0 1 0 0 0 0 0 0 1 0 1 1 0 1 0 1 0 0 0 1 1 0 0 0 0 0 0 0 0 0 0 0 1 0 0 0 1 0 0 0 0 1 0 1 1 0 0 1 1 0 1 0 0 0 
0 1 0 1 1 0 0 0 0 0 0 0 0 0 2 0 0 0 1 0 0 1 0 0 0 0 1 0 0 0 0 0 1 0 0 0 0 0 0 0 0 0 1 0 0 0 1 0 1 0 0 0 0 0 0 2 0 0 0 0 0 0 1 0 0 0 0 0 0 1 0 0 1 0 0 0 0 0 0 0 0 0 0 1 0 0 0 0 0 0 0 1 1 0 0 0 0 0 1 0 
0 0 0 1 1 0 0 0 0 0 0 1 0 1 0 1 0 0 0 1 0 1 0 1 0 0 1 0 0 1 0 0 0 0 0 0 0 0 0 0 0 0 0 1 1 0 0 0 0 1 1 0 0 0 0 1 0 1 0 0 2 0 0 1 0 0 2 0 0 0 0 0 0 0 1 2 0 0 0 0 1 0 0 0 1 0 1 0 0 0 0 0 1 1 0 0 0 0 0 0 
0 0 0 0 0 1 0 0 0 1 0 0 0 1 0 0 0 1 0 1 0 1 0 0 0 1 0 0 0 1 0 0 0 0 0 0 0 0 0 0 0 0 1 0 2 0 0 0 0 1 1 0 0 1 0 1 0 0 0 0 0 0 0 1 0 2 0 0 0 1 1 0 0 0 1 0 1 0 0 0 0 0 1 0 0 0 1 0 0 1 0 1 0 2 0 0 0 0 0 0 
2 0 0 1 1 0 0 0 0 0 0 0 0 0 0 0 0 0 0 0 0 0 0 1 0 0 0 0 0 0 0 0 0 0 0 1 0 0 1 0 1 0 0 0 1 0 0 0 0 0 0 1 0 0 0 0 0 1 0 0 0 0 1 0 0 0 0 0 0 0 0 0 2 0 0 0 0 0 0 0 0 1 1 0 0 0 1 0 1 0 0 0 0 0 1 1 1 1 0 0 
0 0 0 0 0 0 0 0 0 0 0 0 0 0 0 0 0 0 0 0 0 0 0 0 0 0 1 0 0 0 1 0 0 0 0 0 0 1 0 0 0 0 0 0 0 0 1 0 0 0 0 0 0 1 0 0 0 0 0 0 0 0 0 0 0 0 0 0 0 0 0 0 0 0 0 1 0 0 0 0 0 0 0 0 1 0 0 0 0 0 0 1 0 0 1 0 0 0 0 0 
0 2 0 1 1 1 0 0 0 0 0 0 0 0 1 0 0 0 1 0 0 0 0 0 0 0 0 0 0 1 0 0 1 0 0 1 0 0 0 0 1 0 1 0 0 0 0 0 1 0 1 0 0 0 2 0 0 0 0 0 0 0 1 0 1 0 1 0 0 0 1 0 0 1 0 0 2 1 0 0 0 0 0 1 0 0 1 1 0 0 0 0 1 0 0 0 0 0 1 0 
1 1 0 0 0 2 0 1 0 0 0 0 0 0 0 0 0 1 1 0 0 0 0 0 0 0 0 0 0 0 0 0 0 0 1 0 0 0 0 1 1 0 1 0 0 1 0 0 0 0 0 1 0 1 0 0 0 0 0 0 0 0 0 0 0 0 1 0 0 1 0 0 0 0 0 0 1 0 0 0 0 0 0 1 0 0 1 0 0 0 0 0 1 1 0 1 0 0 0 0 
0 0 0 0 0 0 0 0 0 1 0 0 0 0 0 0 0 0 0 0 1 0 1 0 0 0 0 0 0 0 0 0 0 0 0 0 1 0 0 0 0 0 0 0 0 0 0 0 0 0 0 0 0 0 1 0 0 0 0 0 1 0 0 0 0 0 0 0 0 0 0 0 0 0 0 0 0 0 0 0 1 0 1 0 0 0 0 0 0 0 0 0 0 0 0 0 0 0 0 1 
1 0 0 1 1 0 0 0 0 0 0 0 0 0 1 1 0 1 0 0 0 0 0 1 0 0 1 0 0 0 0 0 0 0 0 2 0 0 1 0 1 0 2 0 1 0 1 0 0 0 0 1 0 0 0 1 0 1 0 0 0 0 0 0 1 0 0 2 0 0 0 0 0 1 0 0 0 0 0 0 0 1 1 1 0 0 1 0 0 0 0 0 0 0 1 0 0 1 0 0 
0 1 0 0 1 0 1 0 0 0 1 0 0 0 0 1 1 1 0 0 0 0 0 0 1 0 0 2 0 0 0 0 0 0 0 2 0 0 0 0 0 0 2 0 0 0 0 0 0 0 1 0 0 1 1 0 0 0 1 0 0 0 1 0 0 0 0 0 0 1 0 0 1 0 0 0 1 1 1 0 0 0 0 0 0 0 0 1 2 1 1 0 0 0 0 0 0 0 0 0 
0 0 0 0 0 0 0 0 0 0 0 0 0 1 0 0 0 0 0 1 0 0 0 0 0 0 0 0 0 1 0 0 0 0 0 0 0 0 0 0 0 0 0 0 1 0 0 0 0 1 1 0 0 0 0 1 0 0 0 0 0 0 0 0 0 1 1 0 0 0 0 0 0 0 0 0 0 0 0 0 0 0 0 0 0 0 0 0 0 0 0 0 0 0 0 0 0 0 0 0 
0 0 0 1 1 0 0 0 0 0 0 0 0 0 0 0 0 0 0 0 0 0 0 1 0 0 2 0 0 0 1 0 0 0 0 0 0 1 0 0 0 0 0 0 0 0 1 0 0 0 0 0 0 1 0 0 0 1 0 0 2 0 0 0 0 2 0 0 1 0 0 0 0 0 0 0 0 0 0 0 1 0 0 0 2 0 0 0 0 0 0 1 1 0 1 0 0 0 0 0 
0 0 0 0 0 1 0 0 0 0 0 1 0 0 0 0 0 1 0 0 0 0 0 0 0 0 0 0 1 0 0 0 0 0 0 1 0 0 0 0 0 1 1 0 0 0 0 0 0 0 1 1 0 0 1 0 0 0 0 1 0 1 0 0 0 0 1 0 0 2 1 0 0 1 0 0 0 2 0 0 0 0 0 0 0 1 1 1 0 0 0 0 0 0 0 0 0 0 0 0 
0 0 0 0 0 0 0 0 0 0 0 1 0 0 0 0 0 1 0 0 0 0 1 0 0 1 0 0 1 0 0 0 0 0 0 1 0 0 0 0 0 1 0 1 0 0 0 0 0 1 1 1 0 1 1 0 0 0 0 1 0 1 0 0 0 0 0 0 0 1 0 0 0 1 0 0 2 0 0 0 0 0 0 1 0 1 0 1 0 0 0 0 0 0 0 0 0 0 0 0 
0 0 0 0 0 1 0 0 1 0 0 0 1 0 0 2 0 1 0 0 0 2 0 0 0 1 0 0 0 0 0 1 0 0 0 1 0 0 0 0 0 0 0 2 0 0 0 0 0 0 0 0 1 0 0 0 2 0 0 0 0 0 0 1 0 0 0 0 0 0 0 0 0 1 0 0 0 0 0 1 0 0 0 0 0 0 0 0 0 1 1 0 0 0 0 0 0 0 0 0 
0 0 0 0 0 0 0 0 1 0 0 0 0 0 0 1 0 0 0 0 0 1 0 0 0 1 0 0 0 0 0 1 0 0 0 0 0 0 0 0 0 0 0 1 0 0 0 0 0 0 0 0 1 0 0 0 1 0 0 0 0 0 0 0 0 0 0 0 0 0 0 0 0 0 0 0 0 0 1 0 0 0 0 0 0 0 0 0 0 0 0 0 0 0 0 0 0 0 0 0 
0 0 0 0 1 1 0 0 0 1 0 1 0 0 0 0 0 0 0 0 1 0 1 0 0 0 1 1 0 1 0 0 0 0 0 1 1 0 0 0 0 0 0 0 1 0 0 1 0 0 0 0 0 0 2 0 0 0 1 0 3 0 0 0 0 1 0 0 0 0 0 1 0 0 0 1 0 0 0 0 0 0 1 0 0 0 0 1 0 0 0 0 1 0 1 1 0 0 0 2 
0 0 0 1 0 0 0 0 0 0 0 0 0 0 0 0 0 0 0 0 0 0 0 1 0 0 0 0 0 0 0 0 0 0 0 1 0 0 1 0 1 0 0 0 0 0 0 0 0 0 0 0 0 0 0 0 0 0 0 0 0 0 0 0 0 0 0 1 0 0 0 0 1 0 0 0 0 0 0 0 0 0 0 0 0 0 1 0 0 0 0 0 0 0 0 0 0 1 0 0 
1 0 0 0 0 1 0 0 0 2 0 0 0 0 1 0 0 0 0 0 1 0 1 0 0 1 0 0 0 0 0 0 0 0 0 0 1 0 0 0 0 0 0 0 1 0 0 1 0 0 0 1 0 0 1 0 0 1 0 0 1 0 0 1 0 0 1 1 0 0 0 1 1 0 0 0 0 0 0 0 1 0 0 0 0 0 0 0 0 1 0 1 0 1 3 0 0 0 0 1 
1 0 0 1 0 1 0 1 0 0 0 0 0 0 1 0 0 0 0 0 0 0 1 0 0 1 1 0 0 0 0 0 0 0 1 0 0 0 0 1 1 0 1 1 0 2 1 0 0 1 0 0 0 1 0 1 0 0 0 0 1 0 0 0 1 0 0 0 0 1 1 0 1 0 0 0 0 1 0 0 0 0 0 0 0 0 0 0 0 0 0 0 0 1 0 1 0 0 0 0 
0 0 0 1 0 0 0 0 0 0 0 0 0 0 2 0 1 0 0 0 0 0 0 1 0 1 1 0 0 0 1 0 0 0 0 0 0 1 0 0 1 0 0 1 0 0 1 0 0 0 1 2 0 1 0 0 0 1 1 0 1 1 0 0 0 1 0 0 1 0 0 0 0 0 0 2 0 0 0 0 0 0 0 0 0 0 0 0 1 0 0 1 0 2 1 0 0 0 0 0 
0 0 0 0 0 0 0 0 0 0 0 1 0 0 0 0 0 1 0 0 0 0 0 0 0 0 0 0 1 0 0 0 0 0 0 0 0 0 0 0 0 1 0 0 0 0 0 0 0 0 0 1 0 0 0 0 0 0 0 1 0 1 0 0 0 0 0 0 0 0 0 0 0 0 0 0 1 1 0 0 0 0 0 0 0 0 0 0 0 0 0 0 0 0 0 0 0 0 0 0 
0 0 0 1 0 1 0 0 1 0 0 1 0 0 0 2 0 0 0 1 0 0 0 1 0 0 0 0 0 0 0 0 0 0 0 1 0 0 1 0 1 0 1 1 1 0 0 0 0 0 0 0 0 0 0 0 0 0 0 0 0 2 1 0 0 1 1 1 0 1 1 0 1 0 0 0 1 0 0 0 0 1 0 0 0 0 0 0 0 0 1 0 0 0 0 0 1 1 0 0 
0 1 1 0 0 1 0 0 0 0 0 0 1 0 0 0 0 0 0 0 0 0 0 1 0 1 0 0 0 0 0 0 0 1 0 2 0 0 0 0 0 0 0 0 0 1 0 1 0 1 1 0 0 0 1 0 1 1 0 0 0 0 0 1 0 0 0 0 0 1 0 0 0 1 0 0 1 1 0 0 1 0 0 0 0 0 0 0 0 1 2 0 0 0 0 2 2 0 0 1 
1 1 0 0 1 0 1 0 0 0 1 0 0 0 1 0 2 0 0 0 0 0 0 0 1 0 0 3 0 0 0 0 0 0 0 0 0 0 0 0 2 0 1 0 0 0 0 0 0 1 1 0 0 1 0 0 0 0 2 0 0 0 2 0 0 0 0 1 0 0 0 0 0 2 0 0 0 0 0 0 0 0 0 0 1 0 0 0 0 0 1 0 0 1 0 1 1 0 0 0 
0 0 1 0 0 0 0 0 0 1 0 0 1 0 0 1 0 1 0 0 0 0 0 0 0 1 0 0 0 0 0 0 0 1 0 1 0 0 0 0 0 0 0 0 0 0 0 1 0 0 0 0 0 0 0 0 0 1 0 0 0 0 0 1 0 0 1 0 0 0 0 0 0 1 0 0 0 0 1 0 0 0 1 0 0 0 0 1 0 0 2 1 0 1 0 0 1 0 0 0 
0 0 1 0 0 0 0 0 1 0 0 0 1 0 0 2 0 1 0 1 0 0 0 0 0 1 0 1 0 0 0 0 0 1 0 1 0 0 0 0 1 0 0 0 1 1 0 1 0 2 0 0 0 0 0 0 0 1 0 0 0 1 0 1 0 0 0 0 0 0 0 0 0 1 0 0 0 0 1 0 0 0 0 0 0 0 1 2 1 2 0 0 0 0 0 0 1 0 0 0 
0 0 0 1 0 0 0 0 0 1 0 0 0 0 0 0 0 0 0 0 0 1 0 0 0 1 1 0 0 0 1 0 0 0 0 0 0 1 0 0 0 0 0 0 0 0 2 0 0 0 0 0 0 1 0 1 0 0 0 0 0 0 1 0 1 0 1 0 1 0 0 0 0 0 0 1 0 0 0 0 0 0 1 0 1 0 0 0 0 1 0 0 0 1 1 0 0 0 0 0 
0 2 0 0 2 0 0 0 0 0 0 0 0 0 1 0 0 1 2 0 0 0 0 0 0 0 1 0 0 0 0 0 1 0 0 0 0 0 0 0 1 0 0 0 0 0 0 0 1 0 0 1 0 1 0 0 0 0 0 0 1 0 0 0 1 1 0 0 0 1 1 0 0 0 0 1 0 0 0 0 1 0 0 0 0 0 0 0 0 0 0 0 0 0 0 0 0 0 1 0 
1 0 0 0 0 1 0 1 0 1 0 0 0 0 1 0 1 0 0 0 0 1 0 0 0 2 0 0 0 0 0 0 0 0 1 0 0 0 0 1 1 0 0 0 0 1 0 0 0 0 1 1 0 0 0 0 0 0 1 0 0 1 0 1 0 1 2 0 0 0 1 0 0 0 0 0 0 0 0 0 0 0 1 1 2 0 0 0 1 1 0 1 0 0 0 1 0 0 0 0 
1 0 0 0 0 1 0 0 0 0 0 1 0 0 1 0 0 0 0 0 0 0 0 0 0 0 1 1 0 0 1 0 0 0 0 0 0 1 0 0 0 0 0 0 1 0 1 2 0 0 0 1 0 1 0 0 0 1 1 0 0 0 0 1 0 0 0 1 1 0 0 0 1 0 0 1 0 0 0 0 1 0 3 0 1 0 0 0 0 0 0 1 0 0 0 0 0 0 0 1 
2 1 0 0 2 2 0 1 0 0 0 1 0 0 0 0 0 0 0 0 0 0 0 1 0 0 0 0 0 0 0 0 0 0 1 1 0 0 0 1 0 0 1 0 0 1 0 0 0 0 0 0 0 0 0 0 1 0 0 0 0 0 1 0 0 0 0 1 0 0 1 0 0 0 0 0 0 0 0 0 1 0 0 1 0 0 0 2 1 0 0 0 0 1 0 0 2 0 0 1 
1 1 1 1 1 0 0 0 0 0 0 0 1 0 0 0 0 0 0 0 0 1 0 1 0 0 0 0 0 0 0 0 0 1 0 0 0 0 0 0 0 0 0 0 0 0 0 2 0 0 0 0 0 0 0 0 1 1 0 0 0 1 2 1 0 0 0 1 0 0 0 0 0 0 0 0 0 0 0 0 0 0 0 0 0 0 1 2 1 1 1 0 0 0 0 2 0 0 0 1 
0 0 0 1 0 0 0 0 0 0 0 0 0 0 0 0 0 0 0 0 0 0 0 1 0 0 0 0 0 0 0 0 0 0 0 1 0 0 1 0 1 0 0 0 0 0 0 0 0 0 0 0 0 0 0 0 0 0 0 0 0 0 0 0 0 0 0 1 0 0 0 0 1 0 0 0 0 0 0 0 0 1 0 0 0 0 1 0 0 0 0 0 0 0 0 0 0 0 0 0 
0 1 0 0 1 0 0 0 0 0 0 0 0 0 1 0 0 0 1 0 0 0 0 0 0 0 0 0 0 0 0 0 1 0 0 0 0 0 0 0 0 0 0 0 0 0 0 0 1 0 0 0 0 0 0 0 0 0 0 0 0 0 0 0 1 0 0 0 0 1 0 0 0 0 0 0 0 0 0 0 0 0 0 0 0 0 0 0 0 0 0 0 1 0 0 0 0 0 0 0 
0 1 0 0 0 0 0 0 0 1 0 1 0 0 0 0 0 0 0 0 1 0 1 1 0 0 0 1 0 0 0 0 0 0 0 0 1 0 0 0 0 0 0 0 0 0 0 1 0 0 0 0 0 0 1 0 1 0 1 0 1 0 0 0 0 0 0 0 0 0 0 1 0 0 0 0 0 0 0 0 2 0 1 0 0 0 0 1 0 0 0 0 0 0 1 1 1 0 0 0 
