1 1 0 0 0 0 0 0 0 0 0 0 0 487
1 0 1 0 0 0 0 0 0 0 0 0 0 560
1 1 0 0 0 0 0 0 0 0 0 0 0 530
1 0 0 0 0 0 0 0 0 0 1 0 0 648
1 0 0 0 0 0 0 0 0 0 0 0 1 598
1 0 0 0 0 1 0 0 0 0 0 0 0 601
1 0 0 0 0 0 1 0 0 0 0 0 0 418
1 0 0 0 0 0 0 0 0 0 0 1 0 448
1 0 0 0 0 0 0 0 1 0 0 0 0 621
1 0 0 0 0 0 0 1 0 0 0 0 0 534
1 0 0 0 0 0 0 0 0 0 1 0 0 630
1 0 0 0 1 0 0 0 0 0 0 0 0 516
1 0 0 0 0 0 1 0 0 0 0 0 0 441
1 0 0 0 0 0 1 0 0 0 0 0 0 557
1 0 0 0 0 1 0 0 0 0 0 0 0 637
1 0 0 0 0 0 0 0 1 0 0 0 0 575
1 0 0 1 0 0 0 0 0 0 0 0 0 484
1 0 0 1 0 0 0 0 0 0 0 0 0 406
1 1 0 0 0 0 0 0 0 0 0 0 0 576
1 0 0 1 0 0 0 0 0 0 0 0 0 436
1 0 0 0 0 0 0 0 1 0 0 0 0 494
1 0 0 0 0 0 0 0 0 0 1 0 0 574
1 0 0 0 0 0 1 0 0 0 0 0 0 423
1 0 0 0 0 0 0 0 1 0 0 0 0 540
1 0 0 0 0 0 0 1 0 0 0 0 0 648
1 0 0 0 0 0 0 1 0 0 0 0 0 485
1 0 0 0 0 0 0 1 0 0 0 0 0 598
1 0 0 0 0 0 0 0 0 1 0 0 0 420
1 0 0 0 0 0 0 1 0 0 0 0 0 627
1 0 0 0 0 0 0 0 1 0 0 0 0 615
1 0 0 0 0 0 0 1 0 0 0 0 0 584
1 0 0 0 0 0 0 1 0 0 0 0 0 421
1 0 1 0 0 0 0 0 0 0 0 0 0 481
1 0 0 0 0 0 0 1 0 0 0 0 0 490
1 0 1 0 0 0 0 0 0 0 0 0 0 515
1 0 0 0 0 0 0 0 0 0 0 0 1 611
1 0 0 1 0 0 0 0 0 0 0 0 0 555
1 0 0 0 0 1 0 0 0 0 0 0 0 643
1 0 0 0 0 1 0 0 0 0 0 0 0 509
1 0 0 0 0 0 0 0 0 1 0 0 0 646
1 0 0 0 0 0 0 0 0 1 0 0 0 465
1 0 0 0 0 0 0 0 0 0 0 1 0 457
1 0 0 1 0 0 0 0 0 0 0 0 0 477
1 0 0 0 0 0 0 0 0 0 1 0 0 517
1 0 0 0 0 0 1 0 0 0 0 0 0 429
1 1 0 0 0 0 0 0 0 0 0 0 0 451
1 0 0 0 0 1 0 0 0 0 0 0 0 627
1 0 0 0 0 0 0 0 0 0 1 0 0 437
1 0 0 0 0 0 0 1 0 0 0 0 0 444
1 0 1 0 0 0 0 0 0 0 0 0 0 558
1 0 0 1 0 0 0 0 0 0 0 0 0 569
1 0 0 0 0 0 0 0 1 0 0 0 0 503
1 0 0 0 0 0 0 0 0 0 1 0 0 483
1 0 0 0 0 0 0 1 0 0 0 0 0 631
1 0 0 0 0 0 0 0 1 0 0 0 0 635
1 0 0 0 0 0 0 0 0 0 0 0 1 414
1 0 1 0 0 0 0 0 0 0 0 0 0 442
1 0 0 0 0 0 0 0 0 0 1 0 0 526
1 0 0 0 0 0 0 1 0 0 0 0 0 410
1 0 0 0 0 0 0 0 1 0 0 0 0 576
1 0 0 0 0 0 0 1 0 0 0 0 0 519
1 0 0 0 0 0 0 0 0 1 0 0 0 626
1 0 0 0 0 0 0 0 0 0 1 0 0 491
1 0 0 0 0 0 0 0 1 0 0 0 0 475
1 0 1 0 0 0 0 0 0 0 0 0 0 586
1 0 1 0 0 0 0 0 0 0 0 0 0 430
1 0 0 0 0 1 0 0 0 0 0 0 0 604
1 0 0 0 0 0 1 0 0 0 0 0 0 468
1 0 0 0 0 0 0 1 0 0 0 0 0 456
1 1 0 0 0 0 0 0 0 0 0 0 0 510
1 0 0 1 0 0 0 0 0 0 0 0 0 552
1 0 0 0 0 0 0 0 0 1 0 0 0 536
1 0 0 0 0 0 0 0 0 0 0 1 0 434
1 0 0 0 0 0 0 0 0 1 0 0 0 526
1 0 1 0 0 0 0 0 0 0 0 0 0 619
1 0 0 0 0 0 0 0 0 1 0 0 0 580
1 0 0 1 0 0 0 0 0 0 0 0 0 479
1 0 0 0 0 0 0 0 1 0 0 0 0 605
1 0 0 0 0 0 0 0 1 0 0 0 0 428
1 0 0 0 0 0 0 1 0 0 0 0 0 643
1 0 0 0 0 0 0 0 0 0 0 0 1 414
1 0 1 0 0 0 0 0 0 0 0 0 0 480
1 0 0 0 0 0 0 0 0 1 0 0 0 595
1 0 0 0 0 0 0 0 1 0 0 0 0 584
1 0 0 0 0 0 0 0 1 0 0 0 0 634
1 0 0 1 0 0 0 0 0 0 0 0 0 464
1 0 0 0 0 1 0 0 0 0 0 0 0 494
1 0 0 0 0 0 0 1 0 0 0 0 0 425
1 0 0 0 0 0 1 0 0 0 0 0 0 574
1 0 1 0 0 0 0 0 0 0 0 0 0 640
1 0 0 1 0 0 0 0 0 0 0 0 0 565
1 0 0 1 0 0 0 0 0 0 0 0 0 414
1 1 0 0 0 0 0 0 0 0 0 0 0 567
1 0 0 0 0 0 0 0 0 1 0 0 0 452
1 0 0 0 0 0 1 0 0 0 0 0 0 645
1 0 0 0 0 0 1 0 0 0 0 0 0 546
1 0 0 0 0 1 0 0 0 0 0 0 0 476
1 0 0 0 0 0 0 0 0 0 1 0 0 587
1 0 0 0 0 0 0 0 0 0 1 0 0 527
1 0 0 0 0 0 0 0 1 0 0 0 0 529
1 1 0 0 0 0 0 0 0 0 0 0 0 622
0 6 5 6 2 7 6 3 2 4 4 4 4 5 4 3 4 9 7 5 1 7 4 6 7 6 4 5 5 4 5 7 5 4 4 6 6 5 2 6 2 6 5 5 6 5 5 6 5 4 4 9 5 7 4 4 6 6 5 6 8 5 9 6 5 7 3 7 4 5 6 5 4 4 9 3 7 3 2 4 7 6 5 7 4 6 6 4 5 4 3 2 4 7 5 5 8 5 4 4 5 
6 0 1 6 8 5 6 5 6 5 5 8 5 7 6 6 7 6 3 4 6 3 8 4 7 4 7 5 2 6 3 4 6 5 8 4 5 6 5 4 4 7 7 5 3 5 5 4 8 5 5 4 5 6 6 5 4 4 5 10 8 7 6 4 7 5 7 5 3 4 5 6 6 6 6 7 2 4 5 5 6 5 6 4 7 5 8 4 4 9 6 4 6 7 1 5 5 4 7 4 6 
5 1 0 4 4 4 7 7 3 5 4 6 9 6 7 3 8 5 7 4 4 7 1 4 5 5 6 7 4 6 7 7 3 5 5 6 4 4 5 8 6 5 6 7 5 4 7 7 6 5 5 5 5 6 5 4 5 7 4 7 3 6 5 4 5 5 3 4 5 5 3 4 2 4 7 5 4 6 5 3 7 5 7 6 5 3 4 6 6 3 3 5 6 7 4 4 6 6 8 4 3 
6 6 4 0 6 6 6 5 2 7 5 6 5 7 5 3 3 4 4 6 2 6 5 4 3 5 7 7 7 3 5 6 6 6 4 3 5 2 5 7 5 5 5 4 5 6 4 4 6 3 5 4 2 3 6 6 4 9 4 10 6 3 6 4 3 5 5 4 4 7 4 5 5 5 5 7 6 3 6 5 0 6 4 6 5 4 6 5 4 8 6 6 3 4 5 2 4 4 7 4 5 
2 8 4 6 0 6 6 4 5 4 6 3 7 4 7 4 5 4 7 5 4 5 7 4 3 7 7 6 5 6 3 5 5 3 3 5 6 7 7 8 5 4 8 6 3 6 3 6 3 7 3 5 5 4 4 3 3 7 4 7 8 5 2 5 6 4 4 4 5 7 4 3 6 5 6 3 7 3 6 6 5 7 5 3 8 3 4 5 6 6 8 6 6 4 4 3 7 7 7 2 1 
7 5 4 6 6 0 2 4 6 7 2 7 4 2 6 5 4 4 4 5 6 5 4 7 6 6 3 7 3 4 5 4 7 7 6 5 6 5 5 7 1 4 4 5 4 6 4 6 7 5 5 2 5 5 7 3 5 6 6 5 2 8 4 7 6 2 2 7 6 4 6 6 4 7 7 5 3 4 6 5 9 4 7 6 6 4 6 6 5 7 7 7 4 6 8 3 5 7 7 4 5 
6 6 7 6 6 2 0 6 4 5 4 4 2 7 4 6 4 5 4 3 5 8 5 5 6 5 7 5 5 3 5 6 5 4 7 4 8 9 5 6 3 7 6 4 6 5 4 4 2 5 8 3 6 3 6 7 3 5 4 5 5 4 3 7 4 2 3 7 7 8 5 4 6 7 6 8 5 6 5 8 7 8 6 4 7 6 4 1 3 3 4 4 6 8 4 5 6 8 3 5 5 
3 5 7 5 4 4 6 0 8 4 5 7 7 5 5 3 6 8 6 7 6 6 6 6 6 5 7 3 3 5 4 4 6 5 4 5 5 6 7 3 4 2 4 8 4 5 4 5 8 6 6 7 5 3 5 6 6 4 7 6 3 5 5 5 7 6 3 5 9 6 6 3 7 6 4 5 6 5 3 5 6 5 4 3 4 7 6 7 5 5 7 9 4 4 6 7 3 5 5 8 3 
2 6 3 2 5 6 4 8 0 3 8 3 6 4 7 4 6 4 4 7 1 3 5 9 4 6 5 3 6 4 5 4 6 8 3 5 3 5 5 6 6 5 5 5 8 6 5 6 7 5 6 4 4 4 5 5 7 2 7 5 7 6 6 7 6 5 5 4 6 4 8 5 6 5 2 6 7 5 5 6 2 6 6 4 6 4 5 6 4 5 5 4 5 5 3 6 6 3 4 5 7 
4 5 5 7 4 7 5 4 3 0 6 8 6 6 6 5 6 5 7 3 5 6 6 5 7 8 5 8 7 5 7 6 7 5 4 4 5 5 8 4 6 7 5 3 4 5 5 5 6 4 5 4 5 5 6 6 5 6 6 5 7 4 2 4 6 4 7 6 5 4 4 7 2 4 6 4 3 7 4 3 7 7 4 5 7 4 6 5 6 3 6 4 5 4 5 8 2 4 3 3 4 
4 5 4 5 6 2 4 5 8 6 0 3 5 5 3 3 5 7 7 5 3 6 5 5 5 3 4 6 6 9 6 5 4 6 5 3 5 5 8 5 3 4 4 6 7 7 6 5 6 6 5 7 3 4 6 3 2 5 7 6 5 6 5 6 4 5 7 5 5 3 6 4 7 8 3 6 6 5 6 6 6 4 5 6 3 5 3 1 3 4 4 4 6 7 6 4 5 3 6 7 4 
4 8 6 6 3 7 4 7 3 8 3 0 3 3 4 3 6 7 3 5 3 3 5 5 7 8 6 4 6 4 6 5 3 2 5 7 5 6 4 6 4 6 4 6 7 5 6 5 6 4 2 4 6 5 5 4 6 4 3 4 7 4 3 4 6 3 8 5 6 8 4 3 4 7 7 6 1 4 7 4 5 3 6 4 5 3 8 5 6 5 3 5 4 6 5 7 5 4 5 5 7 
4 5 9 5 7 4 2 7 6 6 5 3 0 5 7 1 3 4 6 7 5 2 6 2 7 6 2 3 4 5 5 4 4 3 9 7 4 1 5 4 1 5 7 6 5 4 6 5 6 4 3 3 4 8 3 3 4 4 5 5 6 4 4 5 5 5 6 3 5 4 7 6 4 5 4 3 4 6 5 5 3 6 4 6 4 5 5 5 7 6 6 6 5 3 6 7 1 7 3 4 6 
5 7 6 7 4 2 7 5 4 6 5 3 5 0 3 5 7 6 6 5 6 3 6 5 3 5 10 5 7 3 7 4 7 5 3 5 5 6 4 4 7 4 5 6 6 3 5 6 2 5 4 7 5 7 3 4 5 6 5 5 5 3 5 5 6 4 5 5 6 4 5 3 3 5 5 6 7 6 6 2 4 4 5 4 4 5 8 3 3 4 6 6 4 6 6 5 3 8 8 5 5 
4 6 7 5 7 6 4 5 7 6 3 4 7 3 0 4 4 8 5 5 7 4 3 8 5 7 4 4 4 6 6 4 4 3 6 3 6 8 7 5 5 6 4 6 7 7 7 2 9 5 1 7 8 5 4 4 7 8 8 6 2 5 3 5 5 5 5 8 4 8 5 6 5 3 1 10 6 6 5 5 4 7 6 5 6 4 5 6 4 4 4 7 8 5 5 4 4 7 5 6 5 
3 6 3 3 4 5 6 3 4 5 3 3 1 5 4 0 4 6 5 8 5 8 3 5 4 7 7 2 7 6 5 6 2 5 6 2 5 6 7 7 4 7 3 6 4 5 7 6 6 6 7 6 7 7 5 5 4 5 6 5 5 4 6 4 4 3 3 4 3 8 6 2 4 5 5 7 8 6 4 3 6 3 3 1 4 6 4 4 2 6 7 4 5 6 4 7 1 5 5 5 5 
4 7 8 3 5 4 4 6 6 6 5 6 3 7 4 4 0 4 5 4 8 4 4 5 4 3 6 5 3 5 3 5 7 7 7 6 4 5 4 6 6 5 4 9 5 9 8 3 5 6 5 5 5 4 6 6 5 7 6 3 6 4 8 6 5 8 4 5 8 6 6 6 6 5 5 5 7 4 6 3 8 6 4 4 7 6 6 3 6 7 9 4 7 7 5 3 4 4 7 8 3 
9 6 5 4 4 4 5 8 4 5 7 7 4 6 8 6 4 0 5 4 3 3 6 4 5 5 4 3 4 6 5 6 4 5 7 5 4 5 7 5 4 6 5 5 4 8 4 8 4 6 6 8 6 6 4 7 4 6 3 4 4 5 6 5 8 10 7 5 6 7 6 6 6 7 5 7 4 5 5 6 6 4 7 2 5 5 5 3 4 7 5 8 5 7 5 3 6 5 5 5 6 
7 3 7 4 7 4 4 6 4 7 7 3 6 6 5 5 5 5 0 8 5 5 5 6 5 3 3 4 3 7 6 7 4 4 4 7 6 5 6 5 3 5 6 8 6 7 7 7 1 4 6 2 1 4 6 8 7 4 4 3 6 6 4 5 6 6 5 6 3 6 3 1 6 7 4 5 6 7 3 5 5 5 3 6 7 3 6 3 4 5 5 5 4 4 5 4 5 4 7 7 5 
5 4 4 6 5 5 3 7 7 3 5 5 7 5 5 8 4 4 8 0 4 5 2 6 6 7 4 5 7 6 4 8 8 8 7 5 8 4 3 5 2 6 6 3 7 7 6 7 2 5 2 5 4 6 7 6 5 3 3 6 5 8 7 4 6 6 4 7 5 3 6 6 7 7 5 4 5 4 4 6 5 6 5 7 6 5 6 7 6 3 3 4 4 5 5 5 4 6 4 4 6 
1 6 4 2 4 6 5 6 1 5 3 3 5 6 7 5 8 3 5 4 0 7 5 6 6 4 8 5 5 6 7 6 5 6 3 6 4 5 6 4 3 5 5 4 2 4 5 5 6 3 2 3 3 5 2 6 3 4 2 5 3 4 4 5 5 3 3 5 4 3 4 5 6 5 7 5 5 6 3 7 4 3 4 8 6 6 6 3 3 6 5 4 7 5 3 5 3 6 4 4 4 
7 3 7 6 5 5 8 6 3 6 6 3 2 3 4 8 4 3 5 5 7 0 5 4 4 5 6 5 7 3 3 9 6 2 4 6 5 9 5 5 6 3 3 5 3 5 7 5 4 2 1 6 7 4 5 7 2 5 7 6 3 6 4 6 5 6 3 5 5 6 7 4 6 4 7 6 5 7 4 6 6 7 3 5 4 3 5 6 4 7 5 6 3 3 4 4 4 7 7 4 6 
4 8 1 5 7 4 5 6 5 6 5 5 6 6 3 3 4 6 5 2 5 5 0 5 4 5 8 5 4 5 6 7 4 6 5 4 3 5 4 6 9 6 5 4 6 4 8 4 4 4 6 5 5 6 6 4 2 6 6 4 7 7 5 6 5 1 6 5 6 6 7 3 5 5 5 5 5 7 3 6 6 2 8 5 6 3 5 6 5 4 7 4 6 5 6 5 5 7 5 7 6 
6 4 4 4 4 7 5 6 9 5 5 5 2 5 8 5 5 4 6 6 6 4 5 0 6 6 7 6 6 2 5 5 7 4 4 2 4 2 5 8 7 5 4 3 5 6 5 5 6 7 4 4 6 4 4 6 5 4 8 5 3 4 4 5 6 5 5 5 4 3 3 3 5 6 6 4 2 5 4 2 4 7 6 6 6 2 3 4 7 4 6 5 6 5 5 9 6 6 5 8 2 
7 7 5 3 3 6 6 6 4 7 5 7 7 3 5 4 4 5 5 6 6 4 4 6 0 7 4 4 6 3 7 7 7 4 2 1 3 6 6 7 6 6 6 4 2 8 3 5 3 3 3 4 5 6 2 3 4 4 6 3 8 4 4 7 5 7 4 5 6 8 3 5 5 6 7 3 6 9 5 6 6 3 7 9 6 5 6 2 4 7 4 8 6 5 3 5 7 4 3 4 2 
6 4 5 5 7 6 5 5 6 8 3 8 6 5 7 7 3 5 3 7 4 5 5 6 7 0 5 4 5 5 5 7 5 5 4 6 6 5 2 5 5 5 3 4 5 2 5 6 8 6 5 6 7 3 5 5 6 4 5 5 4 3 6 7 5 5 5 6 3 5 7 6 6 7 6 7 3 5 7 6 3 4 5 2 5 7 7 3 4 4 5 5 4 3 3 5 4 6 6 6 5 
4 7 6 7 7 3 7 7 5 5 4 6 2 10 4 7 6 4 3 4 8 6 8 7 4 5 0 3 7 4 3 3 2 1 6 7 5 5 3 4 4 1 7 6 7 5 5 8 5 5 6 7 4 5 5 4 2 4 7 4 6 5 6 6 8 4 3 7 3 7 5 8 5 4 6 4 5 6 6 5 7 7 6 5 3 5 7 2 5 6 7 6 8 3 7 6 4 6 3 8 6 
5 5 7 7 6 7 5 3 3 8 6 4 3 5 4 2 5 3 4 5 5 5 5 6 4 4 3 0 7 5 6 5 6 3 4 7 7 6 6 6 7 5 4 6 5 6 2 8 7 3 8 5 6 2 3 5 5 8 2 5 7 6 3 2 4 6 5 6 4 4 10 4 5 6 6 7 6 6 5 5 4 5 8 2 7 5 3 5 5 4 7 6 6 6 6 5 7 6 2 5 5 
5 2 4 7 5 3 5 3 6 7 6 6 4 7 4 7 3 4 3 7 5 7 4 6 6 5 7 7 0 6 5 4 5 6 5 6 7 6 7 8 7 4 5 6 5 6 6 4 6 5 5 4 3 5 6 6 3 5 6 5 7 4 6 7 3 4 5 6 2 6 7 3 2 5 6 4 6 6 7 4 7 8 6 3 3 5 3 6 6 5 3 4 5 6 6 5 6 5 3 4 7 
4 6 6 3 6 4 3 5 4 5 9 4 5 3 6 6 5 6 7 6 6 3 5 2 3 5 4 5 6 0 6 6 6 5 2 3 4 5 3 1 8 5 5 7 5 8 7 5 7 4 2 4 3 3 6 6 5 7 5 7 6 3 5 2 6 5 2 5 6 7 6 3 6 6 5 5 2 6 4 4 6 5 6 4 5 5 7 7 7 4 5 8 6 5 6 6 5 7 4 8 4 
5 3 7 5 3 5 5 4 5 7 6 6 5 7 6 5 3 5 6 4 7 3 6 5 7 5 3 6 5 6 0 5 6 5 4 5 5 5 5 4 5 7 5 5 2 4 5 8 3 6 3 7 3 5 4 5 7 5 4 6 3 4 6 9 4 6 6 4 4 2 5 4 6 5 6 4 6 4 3 5 5 5 6 8 8 7 6 4 6 4 7 4 6 5 4 6 6 8 3 3 6 
7 4 7 6 5 4 6 4 4 6 5 5 4 4 4 6 5 6 7 8 6 9 7 5 7 7 3 5 4 6 5 0 4 5 5 6 5 2 5 6 4 3 4 5 5 8 6 5 5 5 5 4 6 5 5 5 4 7 6 6 3 5 6 7 2 6 6 5 2 6 2 3 7 3 7 5 5 5 5 2 5 3 3 5 6 4 6 5 3 3 4 5 4 7 4 7 6 4 7 5 5 
5 6 3 6 5 7 5 6 6 7 4 3 4 7 4 2 7 4 4 8 5 6 4 7 7 5 2 6 5 6 6 4 0 4 6 5 8 5 4 4 4 4 5 6 7 4 6 4 4 7 8 6 4 7 4 6 3 5 6 5 3 4 8 6 7 5 5 5 6 4 4 7 4 3 4 1 3 4 4 7 4 7 7 4 3 4 6 8 5 3 5 8 4 8 4 4 7 8 5 3 5 
4 5 5 6 3 7 4 5 8 5 6 2 3 5 3 5 7 5 4 8 6 2 6 4 4 5 1 3 6 5 5 5 4 0 8 4 5 2 3 5 6 4 2 6 4 4 5 7 3 4 5 5 5 3 5 3 7 6 3 5 5 6 3 5 4 5 6 5 3 6 7 4 5 5 6 4 7 4 5 6 7 5 4 4 7 4 3 9 6 5 6 6 4 4 4 4 8 6 4 2 3 
4 8 5 4 3 6 7 4 3 4 5 5 9 3 6 6 7 7 4 7 3 4 5 4 2 4 6 4 5 2 4 5 6 8 0 7 5 9 6 6 4 7 4 1 3 5 5 7 4 5 3 6 4 3 5 2 3 6 3 6 5 4 5 4 4 5 6 4 7 5 4 7 4 6 4 6 2 7 5 5 6 5 2 5 6 5 3 7 7 7 6 5 6 5 4 6 3 5 4 6 4 
6 4 6 3 5 5 4 5 5 4 3 7 7 5 3 2 6 5 7 5 6 6 4 2 1 6 7 7 6 3 5 6 5 4 7 0 5 7 7 6 4 7 3 5 5 3 5 6 3 4 2 4 4 5 7 4 3 5 2 8 6 5 6 6 7 4 8 7 6 4 6 5 4 4 4 3 7 5 6 5 5 6 4 7 6 5 5 3 6 6 3 3 7 3 5 5 3 6 5 3 5 
6 5 4 5 6 6 8 5 3 5 5 5 4 5 6 5 4 4 6 8 4 5 3 4 3 6 5 7 7 4 5 5 8 5 5 5 0 2 7 6 4 3 5 6 6 4 6 7 4 6 7 7 6 5 5 5 8 6 2 5 3 5 5 5 5 3 4 6 3 1 6 4 5 5 6 6 8 3 5 6 4 6 4 4 4 4 3 3 5 6 4 7 5 6 5 5 8 6 6 6 4 
5 6 4 2 7 5 9 6 5 5 5 6 1 6 8 6 5 5 5 4 5 9 5 2 6 5 5 6 6 5 5 2 5 2 9 7 2 0 6 2 7 7 6 5 6 6 5 6 3 6 4 6 4 3 3 6 5 7 3 2 6 5 7 3 5 7 6 4 4 5 6 2 8 6 4 4 4 6 5 4 5 4 5 5 4 5 4 7 5 4 7 5 4 5 6 7 3 5 5 1 7 
2 5 5 5 7 5 5 7 5 8 8 4 5 4 7 7 4 7 6 3 6 5 4 5 6 2 3 6 7 3 5 5 4 3 6 7 7 6 0 4 5 5 5 6 7 6 5 6 5 4 5 4 8 3 4 4 6 3 5 3 5 7 7 4 6 4 3 4 7 7 5 5 6 3 6 3 5 5 6 5 5 3 5 6 4 5 2 5 5 5 4 6 4 6 5 5 6 3 6 4 6 
6 4 8 7 8 7 6 3 6 4 5 6 4 4 5 7 6 5 5 5 4 5 6 8 7 5 4 6 8 1 4 6 4 5 6 6 6 2 4 0 7 6 6 5 7 5 6 5 5 7 4 6 5 7 8 6 5 5 3 2 4 8 6 6 7 6 6 4 8 3 4 5 7 5 4 2 5 5 4 7 4 5 6 5 3 6 3 2 5 3 4 8 4 7 6 4 5 3 7 5 8 
2 4 6 5 5 1 3 4 6 6 3 4 1 7 5 4 6 4 3 2 3 6 9 7 6 5 4 7 7 8 5 4 4 6 4 4 4 7 5 7 0 2 8 4 6 3 2 4 8 4 4 5 6 3 5 1 5 5 4 5 4 7 6 4 5 5 4 4 5 3 7 9 3 5 6 4 6 8 2 3 6 4 7 5 6 5 5 6 5 4 6 5 5 4 2 5 6 6 7 4 3 
6 7 5 5 4 4 7 2 5 7 4 6 5 4 6 7 5 6 5 6 5 3 6 5 6 5 1 5 4 5 7 3 4 4 7 7 3 7 5 6 2 0 5 5 5 4 6 3 6 5 4 2 5 7 6 8 4 7 5 4 3 5 5 7 6 3 6 8 5 4 7 5 5 5 8 6 3 6 5 3 6 7 5 5 2 5 5 5 6 4 8 4 5 5 3 2 2 5 7 7 5 
5 7 6 5 8 4 6 4 5 5 4 4 7 5 4 3 4 5 6 6 5 3 5 4 6 3 7 4 5 5 5 4 5 2 4 3 5 6 5 6 8 5 0 6 6 6 3 7 4 4 4 7 4 4 2 6 4 5 5 5 5 4 5 6 7 4 6 8 5 5 4 4 4 4 4 5 4 3 2 5 5 4 4 5 2 4 3 7 4 4 5 4 5 5 5 4 7 8 5 6 6 
5 5 7 4 6 5 4 8 5 3 6 6 6 6 6 6 9 5 8 3 4 5 4 3 4 4 6 6 6 7 5 5 6 6 1 5 6 5 6 5 4 5 6 0 6 5 7 2 5 5 4 1 7 7 3 4 5 4 6 3 4 4 6 7 5 7 3 7 3 4 4 5 6 7 2 7 3 6 7 5 4 7 6 6 4 2 6 6 6 6 5 5 4 4 7 5 3 7 3 6 4 
6 3 5 5 3 4 6 4 8 4 7 7 5 6 7 4 5 4 6 7 2 3 6 5 2 5 7 5 5 5 2 5 7 4 3 5 6 6 7 7 6 5 6 6 0 5 4 2 2 7 4 5 5 6 4 5 7 8 4 3 6 6 7 3 3 4 6 4 5 7 4 5 4 7 5 4 5 3 5 6 5 8 5 4 4 7 3 3 4 5 6 4 7 6 6 6 4 3 5 4 7 
5 5 4 6 6 6 5 5 6 5 7 5 4 3 7 5 9 8 7 7 4 5 4 6 8 2 5 6 6 8 4 8 4 4 5 3 4 6 6 5 3 4 6 5 5 0 3 3 5 7 4 7 4 4 6 6 6 7 6 4 6 7 4 3 3 3 6 6 3 3 3 7 4 7 4 6 5 6 6 5 5 6 2 4 6 4 5 4 5 5 4 5 6 4 2 4 5 4 5 7 9 
5 5 7 4 3 4 4 4 5 5 6 6 6 5 7 7 8 4 7 6 5 7 8 5 3 5 5 2 6 7 5 6 6 5 5 5 6 5 5 6 2 6 3 7 4 3 0 7 6 4 5 5 4 4 5 6 5 5 5 6 5 3 5 6 4 4 7 5 7 5 4 4 5 7 7 2 5 5 1 7 7 3 5 5 6 5 5 5 6 5 2 5 5 2 4 4 7 5 5 4 5 
6 4 7 4 6 6 4 5 6 5 5 5 5 6 2 6 3 8 7 7 5 5 4 5 5 6 8 8 4 5 8 5 4 7 7 6 7 6 6 5 4 3 7 2 2 3 7 0 5 6 4 4 8 5 2 7 3 4 8 6 6 5 5 4 2 5 5 4 4 6 5 4 4 6 7 6 4 6 6 6 3 6 8 5 5 8 7 5 6 3 8 6 8 5 5 2 2 7 3 8 7 
5 8 6 6 3 7 2 8 7 6 6 6 6 2 9 6 5 4 1 2 6 4 4 6 3 8 5 7 6 7 3 5 4 3 4 3 4 3 5 5 8 6 4 5 2 5 6 5 0 5 6 4 3 5 3 5 5 6 3 7 2 6 3 5 5 5 6 3 2 4 5 7 5 5 7 7 7 5 4 6 4 3 4 6 5 4 5 4 4 5 5 6 8 7 4 4 4 7 4 7 8 
4 5 5 3 7 5 5 6 5 4 6 4 4 5 5 6 6 6 4 5 3 2 4 7 3 6 5 3 5 4 6 5 7 4 5 4 6 6 4 7 4 5 4 5 7 7 4 6 5 0 3 7 2 6 4 2 6 7 2 4 4 6 6 6 5 3 3 5 3 4 5 3 5 6 4 7 3 6 5 3 6 6 4 6 7 7 2 4 5 3 4 5 5 6 6 6 4 3 4 7 8 
4 5 5 5 3 5 8 6 6 5 5 2 3 4 1 7 5 6 6 2 2 1 6 4 3 5 6 8 5 2 3 5 8 5 3 2 7 4 5 4 4 4 4 4 4 4 5 4 6 3 0 7 4 6 6 4 5 6 4 6 4 8 5 3 6 7 4 4 4 4 2 8 5 4 6 5 3 6 7 7 2 6 6 5 4 6 0 6 4 4 4 4 3 6 5 4 4 4 7 4 5 
9 4 5 4 5 2 3 7 4 4 7 4 3 7 7 6 5 8 2 5 3 6 5 4 4 6 7 5 4 4 7 4 6 5 6 4 7 6 4 6 5 2 7 1 5 7 5 4 4 7 7 0 7 5 5 5 8 2 5 6 5 3 5 4 4 2 5 3 2 2 5 4 6 5 5 2 7 5 3 5 5 3 4 5 7 8 3 6 5 5 6 4 6 6 3 4 6 4 5 4 5 
5 5 5 2 5 5 6 5 4 5 3 6 4 5 8 7 5 6 1 4 3 7 5 6 5 7 4 6 3 3 3 6 4 5 4 4 6 4 8 5 6 5 4 7 5 4 4 8 3 2 4 7 0 4 3 3 4 4 5 5 4 5 5 4 5 7 7 5 6 4 5 5 5 5 5 6 5 3 4 7 6 6 9 6 2 6 4 5 5 5 5 5 4 9 6 7 4 5 5 6 7 
7 6 6 3 4 5 3 3 4 5 4 5 8 7 5 7 4 6 4 6 5 4 6 4 6 3 5 2 5 3 5 5 7 3 3 5 5 3 3 7 3 7 4 7 6 4 4 5 5 6 6 5 4 0 5 4 6 5 7 5 3 3 2 4 6 6 2 6 3 5 3 7 5 7 2 5 5 3 5 2 6 5 5 3 3 5 5 6 7 6 5 5 4 4 7 6 6 8 6 4 6 
4 6 5 6 4 7 6 5 5 6 6 5 3 3 4 5 6 4 6 7 2 5 6 4 2 5 5 3 6 6 4 5 4 5 5 7 5 3 4 8 5 6 2 3 4 6 5 2 3 4 6 5 3 5 0 3 7 7 6 4 7 7 6 3 4 5 4 8 7 6 4 6 4 4 5 6 4 6 8 5 2 3 5 5 4 3 5 4 8 5 4 7 3 6 2 5 4 6 8 4 5 
4 5 4 6 3 3 7 6 5 6 3 4 3 4 4 5 6 7 8 6 6 7 4 6 3 5 4 5 6 6 5 5 6 3 2 4 5 6 4 6 1 8 6 4 5 6 6 7 5 2 4 5 3 4 3 0 4 7 7 6 6 5 4 6 4 5 6 6 5 6 6 6 3 7 5 2 7 7 4 7 4 6 5 5 4 7 5 5 4 7 5 6 6 5 6 7 6 6 6 6 2 
6 4 5 4 3 5 3 6 7 5 2 6 4 5 7 4 5 4 7 5 3 2 2 5 4 6 2 5 3 5 7 4 3 7 3 3 8 5 6 5 5 4 4 5 7 6 5 3 5 6 5 8 4 6 7 4 0 4 4 6 2 4 7 7 8 5 6 5 7 5 4 3 4 2 8 2 6 4 4 7 5 4 2 6 3 5 5 4 5 4 4 5 4 6 6 5 7 5 6 6 6 
6 4 7 9 7 6 5 4 2 6 5 4 4 6 8 5 7 6 4 3 4 5 6 4 4 4 4 8 5 7 5 7 5 6 6 5 6 7 3 5 5 7 5 4 8 7 5 4 6 7 6 2 4 5 7 7 4 0 9 9 6 2 5 6 9 4 6 7 4 5 2 6 3 3 6 1 3 5 3 3 4 5 6 5 3 7 4 3 3 7 5 6 5 6 5 5 5 4 6 5 4 
5 5 4 4 4 6 4 7 7 6 7 3 5 5 8 6 6 3 4 3 2 7 6 8 6 5 7 2 6 5 4 6 6 3 3 2 2 3 5 3 4 5 5 6 4 6 5 8 3 2 4 5 5 7 6 7 4 9 0 6 6 5 6 6 3 7 2 4 6 3 4 7 4 5 7 3 7 6 5 5 3 5 5 3 3 4 7 8 3 2 5 6 3 6 8 4 6 4 5 5 6 
6 10 7 10 7 5 5 6 5 5 6 4 5 5 6 5 3 4 3 6 5 6 4 5 3 5 4 5 5 7 6 6 5 5 6 8 5 2 3 2 5 4 5 3 3 4 6 6 7 4 6 6 5 5 4 6 6 9 6 0 6 6 4 4 6 6 6 5 5 4 2 5 4 6 7 6 8 7 6 5 7 5 5 8 5 6 5 4 5 5 4 4 7 6 2 4 8 3 6 3 6 
8 8 3 6 8 2 5 3 7 7 5 7 6 5 2 5 6 4 6 5 3 3 7 3 8 4 6 7 7 6 3 3 3 5 5 6 3 6 5 4 4 3 5 4 6 6 5 6 2 4 4 5 4 3 7 6 2 6 6 6 0 4 5 3 5 6 6 5 4 3 2 3 4 2 4 6 4 8 2 3 4 6 7 7 4 2 8 6 6 5 5 6 6 7 4 7 7 9 4 5 3 
5 7 6 3 5 8 4 5 6 4 6 4 4 3 5 4 4 5 6 8 4 6 7 4 4 3 5 6 4 3 4 5 4 6 4 5 5 5 7 8 7 5 4 4 6 7 3 5 6 6 8 3 5 3 7 5 4 2 5 6 4 0 3 6 5 7 4 7 7 2 4 3 5 8 2 2 7 5 5 5 6 3 8 2 6 6 3 4 4 3 7 5 4 5 2 3 5 4 5 7 6 
9 6 5 6 2 4 3 5 6 2 5 3 4 5 3 6 8 6 4 7 4 4 5 4 4 6 6 3 6 5 6 6 8 3 5 6 5 7 7 6 6 5 5 6 7 4 5 5 3 6 5 5 5 2 6 4 7 5 6 4 5 3 0 8 6 7 6 4 5 2 4 4 8 4 5 4 4 6 5 5 5 7 5 5 5 4 8 5 5 5 3 3 5 3 6 4 4 5 8 4 3 
6 4 4 4 5 7 7 5 7 4 6 4 5 5 5 4 6 5 5 4 5 6 6 5 7 7 6 2 7 2 9 7 6 5 4 6 5 3 4 6 4 7 6 7 3 3 6 4 5 6 3 4 4 4 3 6 7 6 6 4 3 6 8 0 4 4 9 4 6 4 2 4 7 3 8 4 4 7 4 3 4 5 2 3 6 5 5 5 8 5 4 6 4 10 5 4 5 6 5 4 7 
5 7 5 3 6 6 4 7 6 6 4 6 5 6 5 4 5 8 6 6 5 5 5 6 5 5 8 4 3 6 4 2 7 4 4 7 5 5 6 7 5 6 7 5 3 3 4 2 5 5 6 4 5 6 4 4 8 9 3 6 5 5 6 4 0 4 4 6 2 7 5 3 6 7 6 6 5 3 5 6 6 4 3 4 9 5 5 5 5 6 6 8 6 5 5 6 3 3 5 5 3 
7 5 5 5 4 2 2 6 5 4 5 3 5 4 5 3 8 10 6 6 3 6 1 5 7 5 4 6 4 5 6 6 5 5 5 4 3 7 4 6 5 3 4 7 4 3 4 5 5 3 7 2 7 6 5 5 5 4 7 6 6 7 7 4 4 0 4 5 3 4 4 5 4 4 6 6 4 3 5 5 3 6 4 6 4 6 7 3 5 5 4 2 4 7 3 4 6 4 5 7 6 
3 7 3 5 4 2 3 3 5 7 7 8 6 5 5 3 4 7 5 4 3 3 6 5 4 5 3 5 5 2 6 6 5 6 6 8 4 6 3 6 4 6 6 3 6 6 7 5 6 3 4 5 7 2 4 6 6 6 2 6 6 4 6 9 4 4 0 6 7 6 5 4 3 2 5 4 5 4 5 1 4 2 6 6 3 5 6 1 5 2 6 3 6 5 9 4 3 6 10 3 2 
7 5 4 4 4 7 7 5 4 6 5 5 3 5 8 4 5 5 6 7 5 5 5 5 5 6 7 6 6 5 4 5 5 5 4 7 6 4 4 4 4 8 8 7 4 6 5 4 3 5 4 3 5 6 8 6 5 7 4 5 5 7 4 4 6 5 6 0 3 5 3 4 7 6 5 2 6 5 5 5 5 6 3 4 5 6 3 5 5 3 7 6 6 5 6 3 7 4 7 4 5 
4 3 5 4 5 6 7 9 6 5 5 6 5 6 4 3 8 6 3 5 4 5 6 4 6 3 3 4 2 6 4 2 6 3 7 6 3 4 7 8 5 5 5 3 5 3 7 4 2 3 4 2 6 3 7 5 7 4 6 5 4 7 5 6 2 3 7 3 0 4 3 4 7 4 3 6 7 6 3 5 6 4 5 4 3 7 5 6 5 6 3 4 4 3 3 5 5 5 8 1 6 
5 4 5 7 7 4 8 6 4 4 3 8 4 4 8 8 6 7 6 3 3 6 6 3 8 5 7 4 6 7 2 6 4 6 5 4 1 5 7 3 3 4 5 4 7 3 5 6 4 4 4 2 4 5 6 6 5 5 3 4 3 2 2 4 7 4 6 5 4 0 6 4 4 4 5 4 6 2 2 5 7 7 7 3 6 4 6 5 1 8 6 5 5 3 5 6 5 4 5 3 5 
6 5 3 4 4 6 5 6 8 4 6 4 7 5 5 6 6 6 3 6 4 7 7 3 3 7 5 10 7 6 5 2 4 7 4 6 6 6 5 4 7 7 4 4 4 3 4 5 5 5 2 5 5 3 4 6 4 2 4 2 2 4 4 2 5 4 5 3 3 6 0 4 5 3 2 5 3 5 5 4 5 5 3 3 3 8 7 6 5 5 7 3 4 6 4 8 6 6 5 3 6 
5 6 4 5 3 6 4 3 5 7 4 3 6 3 6 2 6 6 1 6 5 4 3 3 5 6 8 4 3 3 4 3 7 4 7 5 4 2 5 5 9 5 4 5 5 7 4 4 7 3 8 4 5 7 6 6 3 6 7 5 3 3 4 4 3 5 4 4 4 4 4 0 4 5 5 6 4 5 4 4 6 6 3 6 4 4 6 5 6 3 4 5 4 2 5 6 5 3 7 7 6 
4 6 2 5 6 4 6 7 6 2 7 4 4 3 5 4 6 6 6 7 6 6 5 5 5 6 5 5 2 6 6 7 4 5 4 4 5 8 6 7 3 5 4 6 4 4 5 4 5 5 5 6 5 5 4 3 4 3 4 4 4 5 8 7 6 4 3 7 7 4 5 4 0 4 6 7 6 4 6 5 4 8 5 7 7 5 5 4 8 5 4 6 6 5 5 4 2 7 6 5 6 
4 6 4 5 5 7 7 6 5 4 8 7 5 5 3 5 5 7 7 7 5 4 5 6 6 7 4 6 5 6 5 3 3 5 6 4 5 6 3 5 5 5 4 7 7 7 7 6 5 6 4 5 5 7 4 7 2 3 5 6 2 8 4 3 7 4 2 6 4 4 3 5 4 0 5 6 4 4 5 6 5 2 4 5 7 6 6 4 7 8 4 5 5 4 7 7 6 5 5 5 7 
9 6 7 5 6 7 6 4 2 6 3 7 4 5 1 5 5 5 4 5 7 7 5 6 7 6 6 6 6 5 6 7 4 6 4 4 6 4 6 4 6 8 4 2 5 4 7 7 7 4 6 5 5 2 5 5 8 6 7 7 4 2 5 8 6 6 5 5 3 5 2 5 6 5 0 6 3 7 4 4 3 5 7 8 7 6 6 6 4 5 6 4 4 6 2 3 5 9 8 7 7 
3 7 5 7 3 5 8 5 6 4 6 6 3 6 10 7 5 7 5 4 5 6 5 4 3 7 4 7 4 5 4 5 1 4 6 3 6 4 3 2 4 6 5 7 4 6 2 6 7 7 5 2 6 5 6 2 2 1 3 6 6 2 4 4 6 6 4 2 6 4 5 6 7 6 6 0 1 7 6 5 7 7 8 3 6 5 6 7 4 5 5 5 7 4 3 5 6 8 5 5 6 
7 2 4 6 7 3 5 6 7 3 6 1 4 7 6 8 7 4 6 5 5 5 5 2 6 3 5 6 6 2 6 5 3 7 2 7 8 4 5 5 6 3 4 3 5 5 5 4 7 3 3 7 5 5 4 7 6 3 7 8 4 7 4 4 5 4 5 6 7 6 3 4 6 4 3 1 0 5 5 4 5 5 3 7 6 4 4 5 3 4 5 6 3 5 3 6 6 5 6 4 4 
3 4 6 3 3 4 6 5 5 7 5 4 6 6 6 6 4 5 7 4 6 7 7 5 9 5 6 6 6 6 4 5 4 4 7 5 3 6 5 5 8 6 3 6 3 6 5 6 5 6 6 5 3 3 6 7 4 5 6 7 8 5 6 7 3 3 4 5 6 2 5 5 4 4 7 7 5 0 6 3 5 7 6 4 6 4 5 4 7 6 4 4 3 5 3 8 5 6 5 6 7 
2 5 5 6 6 6 5 3 5 4 6 7 5 6 5 4 6 5 3 4 3 4 3 4 5 7 6 5 7 4 3 5 4 5 5 6 5 5 6 4 2 5 2 7 5 6 1 6 4 5 7 3 4 5 8 4 4 3 5 6 2 5 5 4 5 5 5 5 3 2 5 4 6 5 4 6 5 6 0 4 4 4 3 5 4 9 8 6 5 7 7 6 5 4 5 6 6 4 6 6 6 
4 5 3 5 6 5 8 5 6 3 6 4 5 2 5 3 3 6 5 6 7 6 6 2 6 6 5 5 4 4 5 2 7 6 5 5 6 4 5 7 3 3 5 5 6 5 7 6 6 3 7 5 7 2 5 7 7 3 5 5 3 5 5 3 6 5 1 5 5 5 4 4 5 6 4 5 4 3 4 0 5 6 2 6 2 5 6 7 4 4 7 5 2 4 7 5 6 4 2 4 6 
7 6 7 0 5 9 7 6 2 7 6 5 3 4 4 6 8 6 5 5 4 6 6 4 6 3 7 4 7 6 5 5 4 7 6 5 4 5 5 4 6 6 5 4 5 5 7 3 4 6 2 5 6 6 2 4 5 4 3 7 4 6 5 4 6 3 4 5 6 7 5 6 4 5 3 7 5 5 4 5 0 3 6 4 5 4 4 6 4 4 7 1 7 7 8 4 6 5 6 6 3 
6 5 5 6 7 4 8 5 6 7 4 3 6 4 7 3 6 4 5 6 3 7 2 7 3 4 7 5 8 5 5 3 7 5 5 6 6 4 3 5 4 7 4 7 8 6 3 6 3 6 6 3 6 5 3 6 4 5 5 5 6 3 7 5 4 6 2 6 4 7 5 6 8 2 5 7 5 7 4 6 3 0 4 6 3 4 8 5 7 9 6 4 2 5 8 4 4 5 7 5 6 
5 6 7 4 5 7 6 4 6 4 5 6 4 5 6 3 4 7 3 5 4 3 8 6 7 5 6 8 6 6 6 3 7 4 2 4 4 5 5 6 7 5 4 6 5 2 5 8 4 4 6 4 9 5 5 5 2 6 5 5 7 8 5 2 3 4 6 3 5 7 3 3 5 4 7 8 3 6 3 2 6 4 0 4 2 3 4 5 4 4 8 6 3 7 2 6 2 6 5 3 4 
7 4 6 6 3 6 4 3 4 5 6 4 6 4 5 1 4 2 6 7 8 5 5 6 9 2 5 2 3 4 8 5 4 4 5 7 4 5 6 5 5 5 5 6 4 4 5 5 6 6 5 5 6 3 5 5 6 5 3 8 7 2 5 3 4 6 6 4 4 3 3 6 7 5 8 3 7 4 5 6 4 6 4 0 6 3 8 4 4 5 8 3 3 3 4 3 4 3 7 4 6 
4 7 5 5 8 6 7 4 6 7 3 5 4 4 6 4 7 5 7 6 6 4 6 6 6 5 3 7 3 5 8 6 3 7 6 6 4 4 4 3 6 2 2 4 4 6 6 5 5 7 4 7 2 3 4 4 3 3 3 5 4 6 5 6 9 4 3 5 3 6 3 4 7 7 7 6 6 6 4 2 5 3 2 6 0 7 7 3 4 5 5 4 6 4 5 5 4 3 4 6 5 
6 5 3 4 3 4 6 7 4 4 5 3 5 5 4 6 6 5 3 5 6 3 3 2 5 7 5 5 5 5 7 4 4 4 5 5 4 5 5 6 5 5 4 2 7 4 5 8 4 7 6 8 6 5 3 7 5 7 4 6 2 6 4 5 5 6 5 6 7 4 8 4 5 6 6 5 4 4 9 5 4 4 3 3 7 0 5 6 4 9 5 3 7 3 6 5 2 2 4 5 4 
6 8 4 6 4 6 4 6 5 6 3 8 5 8 5 4 6 5 6 6 6 5 5 3 6 7 7 3 3 7 6 6 6 3 3 5 3 4 2 3 5 5 3 6 3 5 5 7 5 2 0 3 4 5 5 5 5 4 7 5 8 3 8 5 5 7 6 3 5 6 7 6 5 6 6 6 4 5 8 6 4 8 4 8 7 5 0 6 3 2 9 3 5 6 5 5 4 5 4 6 1 
4 4 6 5 5 6 1 7 6 5 1 5 5 3 6 4 3 3 3 7 3 6 6 4 2 3 2 5 6 7 4 5 8 9 7 3 3 7 5 2 6 5 7 6 3 4 5 5 4 4 6 6 5 6 4 5 4 3 8 4 6 4 5 5 5 3 1 5 6 5 6 5 4 4 6 7 5 4 6 7 6 5 5 4 3 6 6 0 7 5 7 7 2 5 4 5 5 6 3 3 6 
5 4 6 4 6 5 3 5 4 6 3 6 7 3 4 2 6 4 4 6 3 4 5 7 4 4 5 5 6 7 6 3 5 6 7 6 5 5 5 5 5 6 4 6 4 5 6 6 4 5 4 5 5 7 8 4 5 3 3 5 6 4 5 8 5 5 5 5 5 1 5 6 8 7 4 4 3 7 5 4 4 7 4 4 4 4 3 7 0 6 4 4 4 7 7 2 5 4 5 4 6 
4 9 3 8 6 7 3 5 5 3 4 5 6 4 4 6 7 7 5 3 6 7 4 4 7 4 6 4 5 4 4 3 3 5 7 6 6 4 5 3 4 4 4 6 5 5 5 3 5 3 4 5 5 6 5 7 4 7 2 5 5 3 5 5 6 5 2 3 6 8 5 3 5 8 5 5 4 6 7 4 4 9 4 5 5 9 2 5 6 0 6 2 4 3 6 8 5 8 5 5 5 
3 6 3 6 8 7 4 7 5 6 4 3 6 6 4 7 9 5 5 3 5 5 7 6 4 5 7 7 3 5 7 4 5 6 6 3 4 7 4 4 6 8 5 5 6 4 2 8 5 4 4 6 5 5 4 5 4 5 5 4 5 7 3 4 6 4 6 7 3 6 7 4 4 4 6 5 5 4 7 7 7 6 8 8 5 5 9 7 4 6 0 5 5 7 3 5 5 6 4 5 4 
2 4 5 6 6 7 4 9 4 4 4 5 6 6 7 4 4 8 5 4 4 6 4 5 8 5 6 6 4 8 4 5 8 6 5 3 7 5 6 8 5 4 4 5 4 5 5 6 6 5 4 4 5 5 7 6 5 6 6 4 6 5 3 6 8 2 3 6 4 5 3 5 6 5 4 5 6 4 6 5 1 4 6 3 4 3 3 7 4 2 5 0 4 6 3 4 2 8 6 5 6 
4 6 6 3 6 4 6 4 5 5 6 4 5 4 8 5 7 5 4 4 7 3 6 6 6 4 8 6 5 6 6 4 4 4 6 7 5 4 4 4 5 5 5 4 7 6 5 8 8 5 3 6 4 4 3 6 4 5 3 7 6 4 5 4 6 4 6 6 4 5 4 4 6 5 4 7 3 3 5 2 7 2 3 3 6 7 5 2 4 4 5 4 0 7 5 6 7 5 7 3 2 
7 7 7 4 4 6 8 4 5 4 7 6 3 6 5 6 7 7 4 5 5 3 5 5 5 3 3 6 6 5 5 7 8 4 5 3 6 5 6 7 4 5 5 4 6 4 2 5 7 6 6 6 9 4 6 5 6 6 6 6 7 5 3 10 5 7 5 5 3 3 6 2 5 4 6 4 5 5 4 4 7 5 7 3 4 3 6 5 7 3 7 6 7 0 3 8 5 4 6 5 4 
5 1 4 5 4 8 4 6 3 5 6 5 6 6 5 4 5 5 5 5 3 4 6 5 3 3 7 6 6 6 4 4 4 4 4 5 5 6 5 6 2 3 5 7 6 2 4 5 4 6 5 3 6 7 2 6 6 5 8 2 4 2 6 5 5 3 9 6 3 5 4 5 5 7 2 3 3 3 5 7 8 8 2 4 5 6 5 4 7 6 3 3 5 3 0 4 5 8 2 6 2 
5 5 4 2 3 3 5 7 6 8 4 7 7 5 4 7 3 3 4 5 5 4 5 9 5 5 6 5 5 6 6 7 4 4 6 5 5 7 5 4 5 2 4 5 6 4 4 2 4 6 4 4 7 6 5 7 5 5 4 4 7 3 4 4 6 4 4 3 5 6 8 6 4 7 3 5 6 8 6 5 4 4 6 3 5 5 5 5 2 8 5 4 6 8 4 0 4 4 6 6 4 
8 5 6 4 7 5 6 3 6 2 5 5 1 3 4 1 4 6 5 4 3 4 5 6 7 4 4 7 6 5 6 6 7 8 3 3 8 3 6 5 6 2 7 3 4 5 7 2 4 4 4 6 4 6 4 6 7 5 6 8 7 5 4 5 3 6 3 7 5 5 6 5 2 6 5 6 6 5 6 6 6 4 2 4 4 2 4 5 5 5 5 2 7 5 5 4 0 4 4 5 3 
5 4 6 4 7 7 8 5 3 4 3 4 7 8 7 5 4 5 4 6 6 7 7 6 4 6 6 6 5 7 8 4 8 6 5 6 6 5 3 3 6 5 8 7 3 4 5 7 7 3 4 4 5 8 6 6 5 4 4 3 9 4 5 6 3 4 6 4 5 4 6 3 7 5 9 8 5 6 4 4 5 5 6 3 3 2 5 6 4 8 6 8 5 4 8 4 4 0 6 6 5 
4 7 8 7 7 7 3 5 4 3 6 5 3 8 5 5 7 5 7 4 4 7 5 5 3 6 3 2 3 4 3 7 5 4 4 5 6 5 6 7 7 7 5 3 5 5 5 3 4 4 7 5 5 6 8 6 6 6 5 6 4 5 8 5 5 5 10 7 8 5 5 7 6 5 8 5 6 5 6 2 6 7 5 7 4 4 4 3 5 5 4 6 7 6 2 6 4 6 0 4 6 
4 4 4 4 2 4 5 8 5 3 7 5 4 5 6 5 8 5 7 4 4 4 7 8 4 6 8 5 4 8 3 5 3 2 6 3 6 1 4 5 4 7 6 6 4 7 4 8 7 7 4 4 6 4 4 6 6 5 5 3 5 7 4 4 5 7 3 4 1 3 3 7 5 5 7 5 4 6 6 4 6 5 3 4 6 5 6 3 4 5 5 5 3 5 6 6 5 6 4 0 4 
5 6 3 5 1 5 5 3 7 4 4 7 6 5 5 5 3 6 5 6 4 6 6 2 2 5 6 5 7 4 6 5 5 3 4 5 4 7 6 8 3 5 6 4 7 9 5 7 8 8 5 5 7 6 5 2 6 4 6 6 3 6 3 7 3 6 2 5 6 5 6 6 6 7 7 6 4 7 6 6 3 6 4 6 5 4 1 6 6 5 4 6 2 4 2 4 3 5 6 4 0 
0 0 0 0 0 1 0 0 0 0 0 0 0 0 0 0 1 0 0 0 0 1 0 1 0 0 0 0 0 0 0 1 0 0 1 0 0 0 0 0 0 0 0 0 1 0 0 0 0 0 0 0 0 0 1 0 0 0 0 0 0 0 0 0 0 0 0 0 0 0 0 0 0 0 0 0 0 0 0 0 0 0 1 0 0 0 0 0 0 0 0 0 0 0 0 0 0 0 0 0 0 
0 0 1 0 0 0 0 1 1 0 1 0 0 0 0 1 0 0 0 1 0 0 0 0 0 0 0 1 0 0 0 0 0 0 0 0 0 1 0 0 1 0 0 0 1 0 1 0 0 0 0 0 0 0 0 0 0 0 0 0 0 0 0 1 0 0 0 0 0 0 1 0 0 0 0 0 0 1 0 1 1 0 0 0 0 1 1 0 1 0 0 0 0 1 0 1 0 0 0 0 0 
0 1 0 0 0 0 0 0 0 0 1 0 0 0 0 0 0 0 0 0 0 0 0 0 0 0 0 0 0 0 0 0 0 0 0 0 0 0 0 0 1 0 0 0 0 0 0 0 0 0 0 0 0 0 0 0 0 0 0 0 0 0 0 0 0 0 0 0 0 0 1 0 0 0 0 0 0 1 0 1 1 0 0 0 0 0 1 0 1 0 0 0 0 0 0 0 0 0 0 0 0 
0 0 0 0 0 0 0 0 1 0 0 0 0 0 0 0 0 1 0 0 0 0 0 0 0 0 1 0 0 0 0 0 0 1 0 0 0 1 0 1 0 0 0 0 0 0 0 0 0 0 0 0 0 0 0 0 0 0 0 0 0 0 0 0 0 0 0 0 0 0 0 0 1 0 0 0 0 0 0 0 0 1 0 0 0 0 0 0 0 0 0 0 0 0 0 1 0 0 0 0 0 
0 0 0 0 0 0 0 0 0 0 0 1 0 1 0 0 1 1 1 1 0 0 1 1 0 0 0 1 0 0 0 0 0 0 1 0 0 1 1 0 0 0 1 0 0 0 1 1 0 0 2 2 0 0 0 0 2 0 0 0 0 0 0 0 0 0 0 0 0 0 0 0 0 1 0 1 0 0 0 0 0 0 0 0 0 0 0 1 0 0 0 1 0 0 0 1 0 0 0 0 0 
1 0 0 0 0 0 0 0 0 0 0 0 0 0 0 0 2 1 0 0 0 1 0 1 0 0 0 0 0 0 0 1 1 0 1 0 0 0 0 1 0 0 0 0 2 0 0 0 0 0 0 0 0 0 1 0 1 0 0 0 0 0 0 0 0 0 0 0 0 0 0 0 1 0 0 0 0 2 0 0 0 0 1 0 0 0 0 0 1 0 0 0 0 1 0 0 0 0 0 1 0 
0 0 0 0 0 0 0 1 0 0 0 0 0 0 0 0 0 0 0 0 1 0 0 0 1 0 0 0 0 1 0 0 0 0 0 0 0 0 0 0 1 1 0 0 0 0 0 0 0 0 0 0 0 0 0 0 0 0 1 1 0 1 1 0 0 0 0 0 0 0 1 0 0 1 1 0 2 0 0 0 2 0 1 1 1 0 0 0 0 2 0 3 0 0 0 0 1 0 0 0 0 
0 1 0 0 0 0 1 0 1 0 0 0 0 0 0 0 0 0 0 0 1 0 0 0 1 0 0 0 0 0 0 0 0 0 0 0 0 1 0 0 0 0 0 0 0 0 0 0 0 0 0 0 0 0 0 0 0 0 1 0 0 0 1 0 0 0 0 0 0 0 0 0 0 1 2 0 2 0 0 0 0 0 1 2 1 1 0 0 0 0 0 0 0 1 1 1 0 0 0 0 0 
0 1 0 1 0 0 0 1 0 0 0 0 0 0 0 0 0 1 0 0 0 0 0 0 0 0 1 0 0 0 0 0 0 1 0 0 0 2 0 1 0 0 0 0 0 0 0 0 0 0 0 0 0 0 0 0 0 0 0 0 0 0 0 0 0 0 0 0 0 0 0 1 1 0 0 0 0 0 0 0 1 2 0 0 0 2 1 0 0 0 0 0 0 1 0 3 0 0 0 0 0 
0 0 0 0 0 0 0 0 0 0 0 0 0 0 0 0 0 0 0 1 0 0 0 0 0 0 0 0 0 0 0 0 0 0 0 0 0 0 0 0 0 0 0 0 0 1 0 0 0 0 0 0 0 0 0 1 0 0 0 0 0 0 0 0 0 0 0 0 0 0 0 0 0 0 0 1 0 0 1 0 0 0 0 0 0 0 0 0 0 1 0 0 0 0 1 0 1 0 1 0 0 
0 1 1 0 0 0 0 0 0 0 0 0 0 0 0 0 0 0 0 0 0 0 0 0 0 0 0 0 0 0 0 0 0 0 0 0 0 0 0 0 1 0 0 0 0 0 0 0 0 0 0 0 0 0 0 0 0 0 0 0 0 0 0 0 0 0 0 0 0 0 1 0 0 0 0 0 0 1 0 1 1 0 0 0 0 0 1 0 1 0 0 0 0 0 0 0 0 0 0 0 0 
0 0 0 0 1 0 0 0 0 0 0 0 0 1 0 0 0 0 1 0 0 0 0 0 0 0 0 0 0 0 0 0 0 0 0 0 0 0 1 0 0 0 0 0 0 0 0 1 0 0 1 1 0 0 0 0 1 0 0 0 0 0 0 0 0 0 0 0 0 0 0 0 0 0 0 0 0 0 0 0 0 0 0 0 0 0 0 1 0 0 0 1 0 0 0 0 0 0 0 0 0 
0 0 0 0 0 0 0 0 0 0 0 0 0 0 1 1 0 0 0 0 1 0 0 0 0 0 0 1 0 0 0 0 0 0 0 2 2 0 1 2 0 0 1 0 0 0 0 0 1 1 0 1 0 0 0 0 0 0 0 0 0 0 0 1 2 0 1 0 0 1 1 0 0 0 0 1 1 0 0 0 1 0 0 0 0 1 0 0 0 0 0 0 0 0 0 0 0 1 0 0 0 
0 0 0 0 1 0 0 0 0 0 0 1 0 0 1 0 0 0 1 0 0 0 0 1 0 0 0 0 0 1 0 0 0 0 0 0 0 0 1 1 0 0 1 0 0 0 0 1 0 1 2 1 0 0 0 0 1 0 0 0 0 1 0 0 0 0 0 0 0 0 0 1 1 1 0 0 0 0 1 0 0 1 0 0 0 1 0 1 0 0 0 2 0 0 0 0 0 0 0 1 0 
0 0 0 0 0 0 0 0 0 0 0 0 1 1 0 1 0 0 0 0 0 0 0 1 0 0 0 1 0 0 0 0 0 0 0 0 0 0 0 1 0 0 1 0 0 0 0 0 1 1 0 0 0 0 0 0 0 0 0 0 0 0 0 2 2 0 0 0 0 1 0 0 0 0 0 0 0 0 0 0 0 0 1 0 0 1 0 0 1 0 1 0 0 0 0 0 0 1 0 1 0 
0 1 0 0 0 0 0 0 0 0 0 0 1 0 1 0 0 0 0 1 1 0 0 0 0 0 0 2 0 0 0 0 1 0 0 0 0 0 0 0 1 1 0 0 1 0 1 0 1 0 1 0 0 0 0 0 0 0 0 0 0 0 0 2 1 0 0 0 0 1 0 0 0 0 0 0 0 0 0 0 0 0 0 0 0 1 0 0 0 0 0 0 0 0 1 0 0 1 0 0 0 
1 0 0 0 1 2 0 0 0 0 0 0 0 0 0 0 0 0 0 1 0 1 0 1 0 0 0 0 0 0 0 1 1 0 1 0 0 0 0 0 1 0 0 0 1 0 0 0 0 0 0 0 0 0 1 1 0 0 0 0 0 0 0 0 0 1 1 1 0 0 0 1 1 0 0 0 0 1 0 0 0 0 1 1 0 0 0 0 1 0 0 0 0 1 1 1 0 0 0 0 0 
0 0 0 1 1 1 0 0 1 0 0 0 0 0 0 0 0 0 0 0 0 0 1 0 0 0 1 0 0 0 0 0 0 1 1 0 0 1 0 2 0 0 0 0 1 0 0 0 0 0 0 0 0 0 0 2 1 0 0 0 0 0 0 0 0 0 0 0 0 0 0 0 1 2 0 0 0 1 1 0 0 1 0 0 0 0 0 0 0 0 0 0 0 1 0 1 1 0 0 1 0 
0 0 0 0 1 0 0 0 0 0 0 1 0 1 0 0 0 0 0 0 0 0 0 0 0 0 0 0 0 0 0 0 0 0 0 0 0 0 1 0 0 0 0 0 0 0 0 1 0 0 1 1 0 0 0 0 1 0 0 0 0 0 0 0 0 0 0 0 0 0 0 0 0 0 0 0 0 0 0 0 0 0 0 0 0 0 0 1 0 0 0 1 0 0 0 0 0 0 0 0 0 
0 1 0 0 1 0 0 0 0 1 0 0 0 0 0 1 1 0 0 0 0 0 1 0 0 0 0 1 0 0 0 0 0 0 0 0 0 0 0 0 0 0 0 0 1 1 1 0 0 0 0 0 0 0 1 1 0 0 0 1 0 1 0 1 0 0 0 0 0 0 0 0 0 0 1 2 0 0 1 0 0 0 0 0 0 0 1 0 0 1 0 0 0 0 1 2 1 0 1 0 0 
0 0 0 0 0 0 1 1 0 0 0 0 1 0 0 1 0 0 0 0 0 0 0 0 1 0 0 0 0 0 0 0 1 0 0 1 1 0 0 0 1 1 0 0 0 0 0 0 0 0 1 0 0 0 0 0 0 0 1 0 0 0 1 0 1 0 1 0 0 0 1 0 0 1 1 0 1 0 0 0 0 0 0 1 0 0 0 0 0 0 0 0 0 0 1 0 0 0 0 0 0 
1 0 0 0 0 1 0 0 0 0 0 0 0 0 0 0 1 0 0 0 0 0 0 1 0 0 0 0 0 0 0 1 0 0 1 0 0 0 0 0 0 0 0 0 1 0 0 0 0 0 0 0 0 0 1 0 0 0 0 0 0 0 0 0 0 0 0 0 0 0 0 0 0 0 0 0 0 0 0 0 0 0 1 0 0 0 0 0 0 0 0 0 0 0 0 0 0 0 0 0 0 
0 0 0 0 1 0 0 0 0 0 0 0 0 0 0 0 0 1 0 1 0 0 0 0 0 1 0 0 0 0 0 0 1 0 0 0 0 1 0 0 0 0 1 1 0 0 1 0 0 0 1 1 0 0 1 2 1 0 0 2 0 1 0 0 0 0 0 0 1 0 1 0 0 0 1 1 0 0 0 0 0 0 1 0 0 0 1 0 0 0 0 0 1 2 0 0 0 0 0 0 0 
1 0 0 0 1 1 0 0 0 0 0 0 0 1 1 0 1 0 0 0 0 1 0 0 0 0 0 1 0 0 0 1 0 0 2 0 0 0 0 1 0 0 2 0 1 0 1 0 0 1 0 0 0 0 1 0 0 0 0 0 0 0 0 0 0 0 0 0 0 0 0 0 0 0 0 0 0 0 0 0 0 0 1 0 0 0 0 0 0 0 0 0 0 0 0 0 0 0 0 1 0 
0 0 0 0 0 0 1 1 0 0 0 0 0 0 0 0 0 0 0 0 1 0 0 0 0 0 0 0 0 0 0 0 0 0 0 0 0 0 0 0 0 0 0 0 0 0 0 0 0 0 0 0 0 0 0 0 0 0 1 0 0 0 1 0 0 0 0 0 0 0 0 0 0 1 1 0 1 0 0 0 0 0 0 1 0 0 0 0 0 0 0 0 0 0 0 0 0 0 0 0 0 
0 0 0 0 0 0 0 0 0 0 0 0 0 0 0 0 0 0 0 0 0 0 1 0 0 0 0 0 0 0 0 0 1 0 0 0 0 0 0 0 0 0 1 1 0 0 1 0 0 0 0 0 0 0 0 0 0 0 0 1 0 0 0 0 0 0 0 0 1 0 0 0 0 0 0 0 0 0 0 0 0 0 0 0 0 0 0 0 0 0 0 0 1 1 0 0 0 0 0 0 0 
0 0 0 1 0 0 0 0 1 0 0 0 0 0 0 0 0 1 0 0 0 0 0 0 0 0 0 0 0 0 0 0 0 1 0 0 0 1 0 1 0 0 0 0 0 0 0 0 0 0 0 0 0 0 0 0 0 0 0 0 0 0 0 0 0 0 0 0 0 0 0 0 1 0 0 0 0 0 0 0 0 1 0 0 0 0 0 0 0 0 0 0 0 0 0 1 0 0 0 0 0 
0 1 0 0 1 0 0 0 0 0 0 0 1 0 1 2 0 0 0 1 0 0 0 1 0 0 0 0 0 0 0 0 0 0 1 0 1 0 0 0 0 0 2 0 1 0 2 0 1 0 0 0 0 0 0 0 0 0 0 0 0 0 0 2 1 0 0 2 0 1 0 0 0 0 0 0 0 0 0 0 0 0 0 0 0 1 0 0 0 0 0 0 0 0 0 0 0 1 0 0 0 
0 0 0 0 0 0 0 0 0 0 0 0 0 0 0 0 0 0 0 0 0 0 0 0 0 0 0 0 0 0 0 0 0 0 0 1 0 0 0 0 0 0 0 0 0 0 0 0 0 0 0 0 0 0 0 0 0 1 0 0 1 1 0 0 0 1 1 0 0 0 0 0 0 0 0 0 0 0 0 0 0 0 0 0 1 0 0 0 0 0 1 0 0 0 0 0 0 0 0 0 1 
0 0 0 0 0 0 1 0 0 0 0 0 0 1 0 0 0 0 0 0 0 0 0 0 0 0 0 0 0 0 1 0 0 0 0 0 1 0 0 0 1 2 0 0 0 0 0 0 0 1 0 0 1 1 0 0 0 0 0 1 0 0 0 0 0 0 0 1 0 0 0 1 1 1 0 0 0 0 1 0 0 1 0 0 0 0 0 0 0 1 0 2 0 0 0 0 0 0 0 1 0 
0 0 0 0 0 0 0 0 0 0 0 0 0 0 0 0 0 0 0 0 0 0 0 0 0 0 0 0 0 1 0 0 0 0 0 0 1 0 0 0 0 1 0 0 0 0 0 0 0 1 0 0 1 1 0 0 0 0 0 0 0 0 0 0 0 0 0 1 0 0 0 1 0 0 0 0 0 0 0 0 0 0 0 0 0 0 0 0 0 0 0 0 0 0 0 0 0 0 0 1 0 
1 0 0 0 0 1 0 0 0 0 0 0 0 0 0 0 1 0 0 0 0 1 0 1 0 0 0 0 0 0 0 0 0 0 1 0 0 0 0 0 0 0 0 0 1 0 0 0 0 0 0 0 0 0 1 0 0 0 0 0 0 0 0 0 0 0 0 0 0 0 0 0 0 0 0 0 0 0 0 0 0 0 1 0 0 0 0 0 0 0 0 0 0 0 0 0 0 0 0 0 0 
0 0 0 0 0 1 0 0 0 0 0 0 0 0 0 1 1 0 0 0 1 0 1 0 0 1 0 0 0 0 0 0 0 0 0 0 0 0 0 0 1 1 1 1 0 0 1 0 0 0 1 0 0 0 0 0 0 0 0 1 0 0 0 0 0 0 0 0 1 0 0 0 1 0 0 0 0 1 0 0 0 0 0 0 0 0 0 0 1 0 0 0 1 2 1 0 0 0 0 0 0 
0 0 0 1 0 0 0 0 1 0 0 0 0 0 0 0 0 1 0 0 0 0 0 0 0 0 1 0 0 0 0 0 0 0 0 0 0 1 0 1 0 0 0 0 0 0 0 0 0 0 0 0 0 0 0 0 0 0 0 0 0 0 0 0 0 0 0 0 0 0 0 0 1 0 0 0 0 0 0 0 0 1 0 0 0 0 0 0 0 0 0 0 0 0 0 1 0 0 0 0 0 
1 0 0 0 1 1 0 0 0 0 0 0 0 0 0 0 1 1 0 0 0 1 0 2 0 0 0 1 0 0 0 1 0 0 0 0 0 0 0 0 0 0 1 0 1 0 1 0 0 0 0 0 0 0 1 1 0 0 0 0 0 0 0 0 0 0 0 0 0 0 0 0 0 1 0 0 0 0 1 0 0 0 1 0 0 0 0 0 0 0 0 0 0 0 0 0 1 0 0 0 0 
0 0 0 0 0 0 0 0 0 0 0 0 2 0 0 0 0 0 0 0 1 0 0 0 0 0 0 0 1 0 0 0 0 0 0 0 2 0 1 0 0 0 0 0 0 0 0 0 0 1 1 1 0 0 0 0 0 1 0 0 1 1 0 0 1 1 2 0 0 0 2 0 0 0 0 2 1 0 0 0 0 0 0 0 1 0 0 0 1 0 1 0 0 0 0 0 0 0 0 0 1 
0 0 0 0 0 0 0 0 0 0 0 0 2 0 0 0 0 0 0 0 1 0 0 0 0 0 0 1 0 1 1 0 0 0 0 2 0 0 1 0 1 1 0 0 1 0 0 0 0 2 0 1 1 1 0 0 0 0 0 0 0 0 0 0 1 0 1 2 0 0 1 1 0 0 0 1 0 0 0 0 0 0 0 0 0 0 0 0 0 0 0 0 0 0 0 0 0 0 0 1 0 
0 1 0 1 1 0 0 1 2 0 0 0 0 0 0 0 0 1 0 0 0 0 1 0 0 0 1 0 0 0 0 0 0 1 0 0 0 0 0 1 0 0 0 0 0 0 0 0 0 0 1 1 0 0 0 0 1 0 0 0 0 0 0 0 0 0 0 0 0 0 0 0 1 0 0 1 0 0 0 0 0 1 0 0 0 1 0 0 0 0 0 0 0 1 0 2 0 0 0 0 0 
0 0 0 0 1 0 0 0 0 0 0 1 1 1 0 0 0 0 1 0 0 0 0 0 0 0 0 0 0 0 0 0 0 0 0 1 1 0 0 0 0 0 0 0 0 0 0 1 0 1 1 2 0 0 1 0 1 0 0 0 0 1 0 0 0 1 0 1 0 0 0 0 0 0 0 1 0 0 0 0 0 0 0 0 0 0 0 1 0 0 1 1 0 0 0 0 0 0 0 0 0 
0 0 0 1 0 1 0 0 1 0 0 0 2 1 1 0 0 2 0 0 0 0 0 1 0 0 1 0 0 0 0 0 0 1 0 0 0 1 0 0 0 0 2 0 1 0 0 0 0 1 0 0 0 0 0 0 1 0 0 0 0 0 0 0 0 0 0 0 0 0 0 0 1 0 0 0 1 1 0 0 1 1 0 0 0 0 0 0 0 0 0 0 0 0 0 1 0 0 0 2 0 
0 1 1 0 0 0 1 0 0 0 1 0 0 0 0 1 1 0 0 0 1 0 0 0 0 0 0 0 0 1 0 0 1 0 0 0 1 0 0 0 0 2 0 0 1 0 0 0 0 0 1 0 0 0 0 0 0 0 0 1 0 0 0 0 0 0 0 0 0 0 1 0 0 0 0 0 0 1 0 1 1 0 0 0 0 0 1 0 1 1 0 1 0 0 2 0 0 0 0 0 0 
0 0 0 0 0 0 1 0 0 0 0 0 0 0 0 1 0 0 0 0 1 0 0 0 0 0 0 0 0 2 1 0 1 0 0 0 1 0 0 0 2 0 0 0 0 0 0 0 0 1 1 0 1 1 0 0 0 0 0 1 0 0 0 0 0 0 0 1 0 0 0 1 0 0 0 0 0 0 0 0 0 0 0 0 0 0 0 0 0 1 0 1 0 0 1 0 0 0 0 1 0 
0 0 0 0 1 0 0 0 0 0 0 0 1 1 1 0 0 0 0 0 0 0 1 2 0 1 0 2 0 0 0 0 1 0 1 0 0 0 0 2 0 0 0 1 0 0 2 0 0 1 0 0 0 0 0 0 0 0 0 1 0 0 0 0 0 0 0 1 1 0 0 0 0 0 0 0 0 0 0 0 0 0 0 0 0 0 0 0 0 0 0 0 1 1 0 0 0 0 0 1 0 
0 0 0 0 0 0 0 0 0 0 0 0 0 0 0 0 0 0 0 0 0 0 1 0 0 1 0 0 0 0 0 0 1 0 0 0 0 0 0 0 0 0 1 0 0 0 1 0 0 0 0 0 0 0 0 0 0 0 0 1 0 0 0 0 0 0 0 0 1 0 0 0 0 0 0 0 0 0 0 0 0 0 0 0 0 0 0 0 0 0 0 0 1 1 0 0 0 0 0 0 0 
1 1 0 0 0 2 0 0 0 0 0 0 0 0 0 1 1 1 0 1 0 1 0 1 0 0 0 1 0 0 0 1 0 0 1 0 1 0 0 1 1 0 0 0 0 0 1 0 0 0 0 0 0 0 1 0 1 0 0 0 0 0 0 1 0 0 0 0 0 0 0 0 0 0 0 0 0 1 0 0 0 0 1 0 0 0 0 0 0 0 1 0 0 1 0 0 0 0 0 1 0 
0 0 0 0 0 0 0 0 0 1 0 0 0 0 0 0 0 0 0 1 0 0 0 0 0 0 0 0 0 0 0 0 0 0 0 0 0 0 0 0 0 0 0 0 0 0 0 0 0 0 0 0 0 0 0 1 0 0 0 0 0 0 0 0 0 0 0 0 0 0 0 0 0 0 0 1 0 0 1 0 0 0 0 0 0 0 0 0 0 1 0 0 0 0 1 0 1 0 1 0 0 
0 1 0 0 1 0 0 0 0 0 0 0 0 0 0 1 0 0 0 1 0 0 1 1 0 1 0 2 0 0 0 0 1 0 1 0 0 0 0 0 0 0 2 1 1 0 0 0 0 0 0 0 0 0 0 0 0 0 0 1 0 0 0 1 0 0 0 0 1 0 0 0 0 0 0 0 0 0 0 0 0 0 0 0 0 0 0 0 0 0 0 0 1 1 0 0 0 0 0 0 0 
0 0 0 0 1 0 0 0 0 0 0 1 0 1 0 0 0 0 1 0 0 0 0 0 0 0 0 0 0 0 0 0 0 0 0 0 0 0 1 0 0 0 0 0 0 0 0 0 0 0 1 1 0 0 0 0 1 0 0 0 0 0 0 0 0 0 0 0 0 0 0 0 0 0 0 0 0 0 0 0 0 0 0 0 0 0 0 1 0 0 0 1 0 0 0 0 0 0 0 0 0 
0 0 0 0 0 0 0 0 0 0 0 0 1 0 1 1 0 0 0 0 0 0 0 0 0 0 0 1 0 0 0 0 0 0 0 0 0 0 0 0 0 0 0 0 0 0 0 0 0 0 0 0 0 0 0 0 0 0 0 0 0 0 0 1 1 0 0 0 0 1 0 0 0 0 0 0 0 0 0 0 0 0 0 0 0 1 0 0 0 0 0 0 0 0 0 0 0 1 0 0 0 
0 0 0 0 0 0 0 0 0 0 0 0 1 1 1 0 0 0 0 0 0 0 0 1 0 0 0 0 0 1 1 0 0 0 0 1 2 0 1 1 0 1 1 0 0 0 0 0 0 0 0 1 1 1 0 0 0 0 0 0 0 0 0 0 0 0 0 1 0 0 0 1 0 0 0 1 0 0 0 0 0 0 0 0 0 0 0 0 0 0 0 0 0 0 0 0 0 0 0 2 0 
0 0 0 0 2 0 0 0 0 0 0 1 0 2 0 1 0 0 1 0 1 0 1 0 0 0 0 0 0 0 0 0 1 0 0 1 0 1 1 0 1 1 0 0 0 0 0 1 0 0 0 2 0 0 0 0 2 0 0 0 0 1 0 0 0 0 0 0 0 0 0 0 0 0 0 1 1 0 0 0 0 0 0 0 0 0 0 1 1 0 0 1 0 0 1 0 0 0 0 0 0 
0 0 0 0 2 0 0 0 0 0 0 1 1 1 0 0 0 0 1 0 0 0 1 0 0 0 0 0 0 0 0 0 0 0 0 1 1 1 2 0 0 0 0 0 0 0 0 1 0 1 2 0 0 0 0 0 2 0 0 0 0 0 0 0 0 0 0 0 0 0 0 0 0 0 0 2 0 0 0 0 0 0 0 0 0 0 0 1 0 0 0 1 0 0 0 0 0 0 0 0 0 
0 0 0 0 0 0 0 0 0 0 0 0 0 0 0 0 0 0 0 0 0 0 0 0 0 0 0 0 0 1 1 0 0 0 0 0 1 0 0 0 0 1 0 0 0 0 0 0 0 1 0 0 0 1 0 0 0 0 0 0 0 0 0 0 0 0 0 1 0 0 0 1 0 0 0 0 0 0 0 0 0 0 0 0 0 0 0 0 0 0 0 0 0 0 0 0 0 0 0 1 0 
0 0 0 0 0 0 0 0 0 0 0 0 0 0 0 0 0 0 0 0 0 0 0 0 0 0 0 0 0 1 1 0 0 0 0 0 1 0 0 0 0 1 0 0 0 0 0 0 0 1 0 0 1 0 0 0 0 0 0 0 0 0 0 0 0 0 0 1 0 0 0 1 0 0 0 0 0 0 0 0 0 0 0 0 0 0 0 0 0 0 0 0 0 0 0 0 0 0 0 1 0 
1 0 0 0 0 1 0 0 0 0 0 0 0 0 0 0 1 0 0 1 0 1 1 1 0 0 0 0 0 0 0 1 0 0 1 0 0 0 1 0 0 0 0 0 1 0 0 0 0 0 0 0 0 0 0 0 0 0 0 1 0 2 0 0 0 1 0 1 0 0 0 0 0 0 1 0 0 0 0 0 0 0 1 0 0 0 1 0 0 0 1 0 0 0 0 0 0 0 0 0 0 
0 0 0 0 0 0 0 0 0 1 0 0 0 0 0 0 1 2 0 1 0 0 2 0 0 0 0 0 0 0 0 0 0 0 1 0 0 0 0 0 0 0 0 0 0 1 0 0 0 0 0 0 0 0 0 0 0 0 0 0 0 0 0 0 0 1 1 1 0 0 1 1 0 1 0 1 0 0 2 0 0 0 1 1 0 0 0 0 0 1 0 0 0 1 1 0 2 0 1 0 0 
0 0 0 0 2 1 0 0 0 0 0 1 0 1 0 0 0 1 1 0 0 0 1 0 0 0 0 0 0 0 0 0 0 0 0 0 0 1 1 1 0 0 0 0 1 0 0 1 0 0 2 2 0 0 0 0 0 0 0 0 0 0 0 0 0 0 0 0 0 0 0 0 0 0 0 1 0 1 0 0 0 0 0 0 0 0 0 1 0 0 0 1 0 0 0 0 0 0 0 1 0 
0 0 0 0 0 0 0 0 0 0 0 0 0 0 0 0 0 0 0 0 0 0 0 0 0 0 0 0 1 0 0 0 0 0 0 1 0 0 0 0 0 0 0 0 0 0 0 0 0 0 0 0 0 0 0 0 0 0 0 0 1 1 0 0 0 1 1 0 0 0 0 0 0 0 0 0 0 0 0 0 0 0 0 0 1 0 0 0 0 0 1 0 0 0 0 0 0 0 0 0 1 
0 0 0 0 0 0 1 1 0 0 0 0 0 0 0 0 0 0 0 0 1 0 0 0 1 0 0 0 0 0 0 0 0 0 0 0 0 0 0 0 0 0 0 0 0 0 0 0 0 0 0 0 0 0 0 0 0 0 0 0 0 0 1 0 0 0 0 0 0 0 0 0 0 1 1 0 1 0 0 0 0 0 0 1 0 0 0 0 0 0 0 0 0 0 0 0 0 0 0 0 0 
0 0 0 0 0 0 1 0 0 0 0 0 0 0 0 0 0 0 0 1 0 0 2 0 0 1 0 0 0 1 0 0 1 0 0 0 0 0 0 0 1 1 1 1 0 0 1 0 0 0 0 0 0 0 1 0 0 0 0 0 0 1 0 0 0 0 0 0 1 0 0 0 0 0 1 0 0 0 0 0 0 0 0 0 0 0 1 0 0 1 0 1 1 1 0 0 0 0 0 0 0 
0 0 0 0 0 0 0 0 0 0 0 0 0 0 0 0 0 0 0 0 0 0 0 0 0 0 0 0 1 0 0 0 0 0 0 1 0 0 0 0 0 0 0 0 0 0 0 0 0 0 0 0 0 0 0 0 0 1 0 0 0 1 0 0 0 1 1 0 0 0 0 0 0 0 0 0 0 0 0 0 0 0 0 0 1 0 0 0 0 0 1 0 0 0 0 0 0 0 0 0 1 
0 0 0 0 0 0 1 0 0 0 0 0 0 1 0 0 0 0 0 1 0 0 1 0 0 0 0 0 1 0 0 0 0 0 0 1 0 0 1 0 0 0 0 0 0 0 0 0 0 0 1 0 0 0 2 0 0 1 0 1 1 0 0 0 0 2 1 1 0 0 0 0 0 0 1 0 0 0 0 0 1 0 0 0 1 0 1 0 0 0 2 1 0 0 0 0 0 0 0 0 1 
0 0 0 0 0 0 1 1 0 0 0 0 0 0 0 0 0 0 0 0 1 0 0 0 1 0 0 0 0 0 0 0 0 0 0 0 0 0 0 0 0 0 0 0 0 0 0 0 0 0 0 0 0 0 0 0 0 0 1 0 0 0 0 0 0 0 0 0 0 0 0 0 0 1 1 0 1 0 0 0 0 0 0 1 0 0 0 0 0 0 0 0 0 0 0 0 0 0 0 0 0 
0 1 0 0 0 0 0 0 0 0 0 0 1 0 2 2 0 0 0 1 0 0 0 0 0 0 0 2 0 0 0 0 0 0 0 0 0 0 0 0 0 0 0 0 1 0 1 0 1 0 0 0 0 0 0 0 0 0 0 0 0 0 0 0 2 0 0 0 0 1 0 0 0 0 0 0 0 0 0 0 0 0 1 0 0 1 0 0 1 0 1 0 0 0 0 0 0 1 0 0 0 
0 0 0 0 0 0 0 0 0 0 0 0 2 0 2 1 0 0 0 0 1 0 0 0 0 0 0 1 0 0 0 0 0 0 0 1 1 0 0 0 0 0 0 0 0 0 0 0 1 0 0 0 0 0 0 0 0 0 0 0 0 0 0 2 0 0 1 0 0 1 1 0 0 0 0 0 0 0 0 0 0 0 1 0 0 1 0 0 1 0 1 0 0 0 0 0 0 1 0 0 0 
0 0 0 0 0 0 0 0 0 0 0 0 0 0 0 0 1 0 0 0 0 0 0 0 0 0 0 0 1 0 0 0 0 0 0 1 0 0 1 0 0 0 0 0 0 0 0 0 0 0 0 0 0 0 1 1 0 1 0 0 1 2 0 0 0 0 2 2 0 0 0 1 0 0 0 0 0 0 0 0 0 0 0 1 1 0 0 0 0 0 2 0 0 0 0 0 0 0 0 0 1 
0 0 0 0 0 0 0 0 0 0 0 0 1 0 0 0 1 0 0 0 1 0 0 0 0 0 0 0 1 0 0 0 0 0 0 2 1 0 0 0 0 0 0 0 0 0 0 0 0 0 0 0 0 0 0 1 0 1 0 0 1 1 0 0 1 2 0 1 0 0 1 1 0 0 0 0 0 0 0 0 0 0 0 1 1 0 0 0 0 0 1 0 0 0 0 0 0 0 0 0 1 
0 0 0 0 0 0 0 0 0 0 0 0 0 0 0 0 1 0 0 0 0 0 0 0 0 0 0 2 0 1 1 0 0 0 0 0 2 0 1 0 0 1 1 0 0 0 0 0 0 1 0 0 1 1 1 1 0 0 0 0 0 1 0 0 0 2 1 0 0 0 0 2 0 0 0 0 0 0 0 0 0 0 0 1 0 0 0 0 0 0 1 0 0 0 0 0 0 0 0 1 0 
0 0 0 0 0 0 0 0 0 0 0 0 0 0 0 0 0 0 0 0 0 0 1 0 0 1 0 0 0 0 0 0 1 0 0 0 0 0 0 0 0 0 1 1 0 0 1 0 0 0 0 0 0 0 0 0 0 0 0 1 0 0 0 0 0 0 0 0 0 0 0 0 0 0 0 0 0 0 0 0 0 0 0 0 0 0 0 0 0 0 0 0 1 1 0 0 0 0 0 0 0 
0 0 0 0 0 0 0 0 0 0 0 0 1 0 1 1 0 0 0 0 0 0 0 0 0 0 0 1 0 0 0 0 0 0 0 0 0 0 0 0 0 0 0 0 0 0 0 0 1 0 0 0 0 0 0 0 0 0 0 0 0 0 0 1 1 0 0 0 0 0 0 0 0 0 0 0 0 0 0 0 0 0 0 0 0 1 0 0 0 0 0 0 0 0 0 0 0 1 0 0 0 
0 1 1 0 0 0 1 0 0 0 1 0 1 0 0 0 0 0 0 0 1 0 1 0 0 0 0 0 0 0 0 0 0 0 0 2 1 0 0 0 1 0 0 0 0 0 0 0 0 0 0 0 0 0 0 1 0 0 0 0 0 0 0 0 1 0 1 0 0 0 0 0 0 0 0 1 1 1 0 1 2 0 1 0 1 0 1 0 1 1 0 0 0 0 0 0 1 0 0 0 0 
0 0 0 0 0 0 0 0 1 0 0 0 0 1 0 0 1 0 0 0 0 0 0 0 0 0 0 0 0 1 1 0 0 0 0 0 1 0 0 0 0 1 0 0 0 0 0 0 0 1 0 0 1 1 0 1 0 0 0 0 0 0 0 0 0 1 1 2 0 0 0 0 0 0 0 0 0 0 0 0 1 1 0 1 0 3 1 0 1 0 0 0 0 0 0 1 0 0 0 1 0 
0 0 0 1 0 1 0 0 1 0 0 0 0 1 0 0 1 1 0 0 0 0 0 0 0 0 1 0 0 1 0 0 1 1 0 0 0 1 0 1 0 0 0 0 0 0 0 0 0 0 0 0 0 0 0 0 0 0 0 0 0 0 0 0 0 0 0 0 0 0 0 0 0 1 0 0 0 1 1 0 0 2 0 0 0 0 0 0 1 0 0 1 0 1 0 1 0 0 0 0 0 
0 0 0 0 1 0 1 1 0 0 0 0 0 1 0 0 0 2 0 0 1 0 0 0 1 0 0 0 0 1 0 0 0 0 1 0 0 0 0 0 0 0 0 0 0 0 0 0 0 0 0 0 0 0 0 1 0 0 1 0 0 0 1 0 0 0 0 0 0 0 0 0 1 0 1 0 1 0 2 0 0 1 0 1 0 0 0 0 0 0 1 1 0 0 1 0 1 0 0 0 0 
0 0 0 0 0 0 1 2 0 0 0 0 0 0 0 0 0 0 0 1 1 0 1 0 1 0 0 0 0 0 0 0 0 0 0 0 0 0 0 0 0 0 0 0 0 0 0 0 0 0 0 0 0 0 1 0 0 0 1 1 0 1 1 0 0 0 0 0 0 0 0 0 0 1 0 0 2 0 0 0 0 0 1 2 1 0 1 0 0 0 0 0 0 0 1 0 0 0 0 0 0 
0 0 0 0 1 0 0 0 0 1 0 0 1 0 0 0 0 0 0 2 0 0 1 0 0 0 0 0 0 0 0 0 0 0 0 2 1 1 1 0 0 0 0 0 0 1 0 0 0 1 1 2 0 0 0 1 1 0 0 0 0 0 0 0 0 0 0 0 0 0 1 0 0 0 0 0 0 0 1 0 0 0 0 0 0 0 0 0 0 1 0 0 0 0 1 1 1 0 1 0 0 
0 0 0 0 0 0 2 2 0 0 0 0 1 0 0 0 0 0 0 0 1 0 0 0 1 0 0 0 0 0 0 0 0 0 0 1 0 0 0 1 0 0 0 0 0 0 0 0 0 0 1 0 0 0 0 0 0 0 1 0 0 0 1 0 0 0 0 0 0 0 1 0 0 1 2 0 0 0 0 0 2 0 1 2 2 0 0 0 1 1 0 0 0 0 1 0 1 0 0 0 0 
0 1 1 0 0 2 0 0 0 0 1 0 0 0 0 0 1 1 0 0 0 0 0 0 0 0 0 0 0 0 0 0 1 0 0 0 0 0 0 1 1 0 0 0 1 0 0 0 0 0 0 0 0 0 0 0 1 0 0 0 0 0 0 0 0 0 0 0 0 0 1 0 1 0 0 0 0 0 0 1 1 0 0 0 0 0 1 0 2 0 0 0 0 1 0 0 0 0 0 1 0 
0 0 0 0 0 0 0 0 0 1 0 0 0 1 0 0 0 1 0 1 0 0 0 0 0 0 0 0 0 1 0 0 0 0 1 0 0 0 0 0 0 0 0 0 0 1 0 0 0 0 0 0 0 0 0 2 0 0 0 0 0 0 0 0 0 0 0 0 0 0 0 0 1 2 0 1 0 0 0 0 0 1 0 0 0 0 0 0 0 1 0 1 0 0 1 0 2 0 1 0 0 
0 1 1 0 0 0 0 0 0 0 1 0 0 0 0 0 0 0 0 0 0 0 0 0 0 0 0 0 0 0 0 0 0 0 0 0 0 0 0 0 1 0 0 0 0 0 0 0 0 0 0 0 0 0 0 0 0 0 0 0 0 0 0 0 0 0 0 0 0 0 1 0 0 0 0 0 0 1 0 0 1 0 0 0 0 0 1 0 1 0 0 0 0 0 0 0 0 0 0 0 0 
0 1 1 0 0 0 2 0 1 0 1 0 1 0 0 0 0 0 0 0 0 0 0 0 0 0 0 0 0 0 0 0 0 0 0 0 0 0 0 1 1 0 0 0 0 0 0 0 0 0 0 0 0 0 0 0 0 0 0 0 0 1 0 0 0 0 0 0 0 0 2 1 0 0 0 0 2 1 0 1 0 1 0 0 1 1 2 0 1 1 0 1 0 0 0 1 1 0 0 0 0 
0 0 0 1 0 0 0 0 2 0 0 0 0 1 0 0 0 1 0 0 0 0 0 0 0 0 1 0 0 1 0 0 0 1 0 0 0 1 0 1 0 0 0 0 0 0 0 0 0 0 0 0 0 0 0 0 0 0 0 0 0 0 0 0 0 0 0 0 0 0 0 1 2 1 0 0 0 0 1 0 1 0 0 0 0 1 1 0 0 0 0 1 0 0 0 2 0 0 0 0 0 
1 0 0 0 0 1 1 1 0 0 0 0 0 0 1 0 1 0 0 0 0 1 1 1 0 0 0 0 0 0 0 1 0 0 1 0 0 0 0 0 0 0 0 0 1 0 0 0 0 0 0 0 0 0 1 1 0 0 0 0 0 0 0 1 1 0 0 0 0 0 1 0 0 0 1 0 1 0 0 0 0 0 0 1 1 0 0 0 1 0 1 1 0 0 1 0 0 0 0 0 0 
0 0 0 0 0 0 1 2 0 0 0 0 0 0 0 0 1 0 0 0 1 0 0 0 1 0 0 0 0 0 0 0 0 0 0 0 0 0 0 0 0 0 0 0 0 0 0 0 0 0 0 0 0 0 0 1 0 0 1 0 0 0 1 0 0 1 1 1 0 0 0 1 0 1 2 0 2 0 0 0 0 0 1 0 1 0 0 0 0 0 0 0 0 0 1 0 0 0 0 0 0 
0 0 0 0 0 0 1 1 0 0 0 0 0 0 0 0 0 0 0 0 0 0 0 0 0 0 0 0 1 0 0 0 0 0 0 1 0 0 0 0 0 0 0 0 0 0 0 0 0 0 0 0 0 0 0 0 0 1 0 0 1 1 0 0 0 1 1 0 0 0 1 0 0 0 1 0 2 0 0 0 1 0 1 1 0 0 0 0 0 1 1 0 0 0 1 0 1 0 0 0 1 
0 1 0 0 0 0 0 1 2 0 0 0 1 1 1 1 0 0 0 0 0 0 0 0 0 0 0 1 0 0 0 0 0 0 0 0 0 1 0 0 0 0 0 0 0 0 0 0 1 0 0 0 0 0 0 0 0 0 0 0 0 0 0 1 1 0 0 0 0 1 0 3 0 0 0 0 0 0 0 0 1 1 0 0 0 0 1 0 1 0 0 0 0 1 0 2 0 1 0 0 0 
0 1 1 0 0 0 0 0 1 0 1 0 0 0 0 0 0 0 0 1 0 0 1 0 0 0 0 0 0 0 0 0 0 0 0 0 0 0 0 0 1 0 0 0 0 0 0 0 0 0 0 0 0 0 1 0 0 0 0 1 0 1 0 0 0 0 0 0 0 0 1 1 0 0 1 0 0 1 0 1 2 1 0 0 0 1 0 0 1 0 0 0 0 0 0 1 0 0 0 0 0 
0 0 0 0 1 0 0 0 0 0 0 1 0 1 0 0 0 0 1 0 0 0 0 0 0 0 0 0 0 0 0 0 0 0 0 0 0 0 1 0 0 0 0 0 0 0 0 1 0 0 1 1 0 0 0 0 1 0 0 0 0 0 0 0 0 0 0 0 0 0 0 0 0 0 0 0 0 0 0 0 0 0 0 0 0 0 0 0 0 0 0 1 0 0 0 0 0 0 0 0 0 
0 1 1 0 0 1 0 0 0 0 1 0 0 0 1 0 1 0 0 0 0 0 0 0 0 0 0 0 0 0 0 0 1 0 0 1 0 0 0 0 1 0 0 0 0 0 0 0 0 0 1 0 0 0 0 0 0 0 0 0 0 0 0 1 1 0 0 0 0 0 1 1 1 0 0 0 1 2 0 1 1 0 1 0 0 1 1 0 0 0 1 0 0 1 0 0 0 0 0 0 0 
0 0 0 0 0 0 2 0 0 1 0 0 0 0 0 0 0 0 0 1 0 0 0 0 0 0 0 0 0 1 0 0 0 0 0 0 0 0 0 0 1 1 0 0 0 1 0 0 0 0 0 0 0 0 0 1 0 0 0 1 0 0 0 0 0 0 0 0 0 0 1 0 0 0 0 1 1 0 1 0 1 0 0 0 1 0 0 0 0 0 0 1 0 0 1 0 2 0 1 0 0 
0 0 0 0 0 0 0 0 0 0 0 0 0 0 1 0 0 0 0 0 0 0 0 0 0 0 0 0 1 0 0 0 0 0 0 1 0 0 1 0 0 0 0 0 1 0 0 0 0 0 0 0 0 0 1 0 0 1 0 0 1 2 0 1 1 2 1 1 0 0 0 0 0 1 0 0 0 0 0 0 0 0 1 0 1 0 0 0 1 0 0 0 0 1 1 0 0 0 0 0 1 
0 0 0 0 1 0 3 0 0 0 0 1 0 2 0 0 0 0 1 0 0 0 0 0 0 0 0 0 0 2 0 0 0 0 0 0 0 0 1 0 1 1 0 0 0 0 0 1 0 0 1 1 0 0 0 0 1 0 0 1 0 1 0 0 0 0 0 0 0 0 0 0 1 1 0 0 0 0 1 0 1 1 1 0 0 0 0 1 0 1 0 0 0 0 0 0 0 0 0 0 0 
0 0 0 0 0 0 0 0 0 0 0 0 0 0 0 0 0 0 0 0 0 0 1 0 0 1 0 0 0 0 0 0 1 0 0 0 0 0 0 0 0 0 1 1 0 0 1 0 0 0 0 0 0 0 0 0 0 0 0 1 0 0 0 0 0 0 0 0 1 0 0 0 0 0 0 0 0 0 0 0 0 0 0 0 0 0 0 0 0 0 0 0 0 1 0 0 0 0 0 0 0 
0 1 0 0 0 1 0 1 1 0 0 0 0 0 0 0 1 1 0 0 0 0 2 0 0 1 0 0 0 0 0 0 2 0 0 0 0 1 0 0 0 0 1 1 1 0 1 0 0 0 0 0 0 0 0 1 0 0 0 1 0 0 0 0 0 0 0 0 1 0 0 0 1 0 0 0 0 1 0 0 0 0 0 0 0 1 0 0 1 0 1 0 1 0 0 1 0 0 0 0 0 
0 0 0 0 0 0 0 1 0 1 0 0 0 0 0 1 1 0 0 1 1 0 0 0 0 0 0 0 0 0 0 0 1 0 0 0 0 0 0 0 2 1 0 0 0 1 0 0 0 0 1 0 0 0 0 1 0 0 0 0 0 0 0 0 0 0 0 0 0 0 0 0 0 1 1 1 1 0 1 0 0 0 1 1 1 0 0 0 0 1 1 0 0 0 0 0 1 0 1 0 0 
0 1 0 1 1 0 0 1 3 0 0 0 0 0 0 0 1 1 0 2 0 0 0 0 0 0 1 0 0 0 0 0 0 1 0 0 0 2 0 1 0 0 0 0 0 0 0 0 0 0 0 0 0 0 0 0 0 0 0 0 0 0 0 0 0 0 0 0 0 0 0 1 1 0 0 1 0 0 0 0 1 2 0 0 0 2 1 0 0 0 0 0 0 1 0 0 0 0 0 0 0 
0 0 0 0 0 0 1 0 0 1 0 0 0 0 0 0 0 1 0 1 0 0 0 0 0 0 0 0 0 0 0 0 0 0 1 0 0 0 0 0 0 0 0 0 0 1 0 0 0 0 0 0 0 0 0 2 0 0 0 0 0 0 0 0 0 0 0 0 0 0 1 0 0 1 0 1 1 0 2 0 1 0 0 0 1 0 0 0 0 2 0 0 0 0 1 0 0 0 1 0 0 
0 0 0 0 0 0 0 0 0 0 0 0 1 0 1 1 0 0 0 0 0 0 0 0 0 0 0 1 0 0 0 0 0 0 0 0 0 0 0 0 0 0 0 0 0 0 0 0 1 0 0 0 0 0 0 0 0 0 0 0 0 0 0 1 1 0 0 0 0 1 0 0 0 0 0 0 0 0 0 0 0 0 0 0 0 1 0 0 0 0 0 0 0 0 0 0 0 0 0 0 0 
0 0 0 0 0 0 0 0 0 1 0 0 0 0 0 0 0 0 0 1 0 0 0 0 0 0 0 0 0 0 0 0 0 0 0 0 0 0 0 0 0 0 0 0 0 1 0 0 0 0 0 0 0 0 0 1 0 0 0 0 0 0 0 0 0 0 0 0 0 0 0 0 0 0 0 1 0 0 1 0 0 0 0 0 0 0 0 0 0 1 0 0 0 0 1 0 1 0 0 0 0 
0 0 0 0 0 1 0 0 0 0 0 0 0 1 1 0 0 1 0 0 0 0 0 1 0 0 0 0 0 1 1 0 0 0 0 0 1 0 0 2 0 1 1 0 1 0 0 0 0 2 0 0 1 1 0 0 1 0 0 0 0 0 0 0 0 0 0 1 0 0 0 1 0 0 0 0 0 1 0 0 0 0 0 0 0 0 0 0 0 0 0 0 0 0 0 0 0 0 0 0 0 
0 0 0 0 0 0 0 0 0 0 0 0 0 0 0 0 0 0 0 0 0 0 0 0 0 0 0 0 1 0 0 0 0 0 0 1 0 0 0 0 0 0 0 0 0 0 0 0 0 0 0 0 0 0 0 0 0 1 0 0 1 1 0 0 0 1 1 0 0 0 0 0 0 0 0 0 0 0 0 0 0 0 0 0 1 0 0 0 0 0 1 0 0 0 0 0 0 0 0 0 0 
